η 10011010100.’

agerentur 6, 666 ,, 116110118117 907 861. 11, 9081111101111,179
1511110, 186 1101111, 179. 18,111 093. 16, 99 1110 8, 10. 11, 185
uggm 8,,158. 6, 687. 1111111100 11111111, 71. 6, 190. 11101 10, 176
8,10 8111101011, 115 6, 686 691. 11, 86. 1110101,16.6,6011338
aggeris 16, 96 Albani 13, 911 1.·1, 19. 11, 91 181. 111001116, 88
agili 1, 111 ,1111111111 11011.. 1011111111 ,
agimus 9, 51.7, 16 1101 19, 66 1110008178 . · 11100119,1110
agi! 11, 111 0016, 167. Albinam 3, 100 11100011 111, 37 11011101 11, 911
10, 110. 15, 169 110111,111 aliquos 9, 119 alumnos 6, 008
1ς111111 9, 91. 7, 168 1100 9, 119. 7, 909 111110, 178 alumnus 1, 90. 11911
agitarem& 1111111996 111101 ,9, 981. 6, 11 ,0110 6,7
agitas 11, 11 11111111 11110 111. 1010 ‚ 1111111010
agita 6, 960. imm Alcinoo 16, 15 1110111, 70. 6, 99. 7, 1111111 7, 1119
18111110 11.11111.,.1.11,11.,1 10011111. 11,,111 ..11111111 ι
13111011, 59 1 01111119 11111161 10111116, 1194·
agitent 6, 69· 11111, 88. 8, 10. 11, alium 9119 10111111 6, 907
agitentque 6, 171 171. 11,1 aliunde 7, 72 amantis 6, 908
agitur 1, 35. 6, 6⁵8. Alexander l·7,811 1111111110- 5. 61. 6, 0011113917
111,98.16,97 11111110 178 916. ,96711111111990
1ζο11018,966. 15,’66 1151010011180 19ζ18. ,90 101116,959607.10,690
11111111, 169 911. 111111, 71 1111111016,118Ι 10111109,9-11
- 10111110 11111111. 1011 1011116100 1111111,111
150110111015 1111111111. fi, 100. 7, ι1110019ς10118,19 10111019,168 t
1ς1116,091.8,15.19, 111189 11001119,966 , 1111110111116,617
68 alim 6, 67 · 110616, 180 1101101611.) ,
1501111199 1111111 5, 69. 6, 6111. .11111011,0010,159 1010101016,1100
19111111 1, 99 11,968. 15, 199 1111111 10. 166 amnuit 10,‘230
1ςο01101111018,906’ 1111010001198 11111101113,169 ’ 11111110,οθ
1611011111 , 11111 1, 111. 17, 10. 1111111000 amba 10, 111
1300101110, 981 11,961. 15, ,17 11119,69.1,181. 6, 110015011880
agnosco 6,96 11100113,84,16,109 160.11,88 ambit 16, 48
. agnum 9, 193 119 1111061111. 9, 186 11101111011.“1,131,1ι
181191111ηῶ9 1111119 ablat. 6, 181. 1111) 6,,31 1011111106 7, 50
.,113,141,ι4,159119· 19 ι1111010,191 11111101.110111161110
Agrippafi, 167 11101116, 117 11111118,156.19,91. 11, 1551 ⁰
Agrippina) 6, 619 alienis low · 19, 89 111111, 168. 9, 66
agri· 11, 79, 11, 71 alieno 8, 816 altaribus 17, 119 ambos 10, 997
'agro 1, 107. 6, 66. 11, alienum 5, 105. 6, 91 11113. 956 ambrofiusque 6, 77 «
- 1111, 111 alii 1, 00. 1101, 1 altera, 100 110 110. 1111111111,.·101
111011011011 · 166 1,11.6,196.7,95.1011111101 ,
agros 3, 992, 4, 97, 1111111,59 9, 66 145. 10, 98 110016,09. 7, 9 ’
11161 , 11101011115,99 30. 11, 08611. 19, amet 6100. 19, 1801
1ς111016,591.9,16 alios, 97 51. 10,107 1111110.113311101101111, 1516 .
agunt 1, 86 aliorum 8, 76 09 ι’ ametur 1), 16, 79, 1377
1111111111 1011 1, 011. 7, 111. 11ιί13, 011. 1, 11111011,10.1,11.1,·
1111101011. 10111 8, 61. 11, 177 110101. 1, 10. 0, 10. 0,-151, 7, 87
1111008611. 1081 1110100018160 196. 11, 111 1701010116,569180
11,, 7, 115, 10,04,717pm 1, 1111111 901. 1110 11111 1, 11. 1, 177
14,213,15,55 aliq7776‚15 ι 111011016,17810. 10, 101119. 1, 88. 6,
’ 111 1,(11. 4, 1111101110 19,110· 910. 11, 101. 11, 31101519, 02,
1111168 aliquando 3, 181. 6, 101. 16, 99 10981, 19,11,,11,,
Α11111111113,70 1169. 9, 98 ι 1101110006, 967 65.15,ι31,
mabucha, 11111 An· 1110111111 1, 1966979. 1111111001 1991 11010111,146, 5, 101,
barche· 1110111110 1100111111. 7725 111111
1111110100 11011111 111110. 1101111, 111111 amicitia 6, 111 ,
111. 1, 11. 17, 111. s, 11 110111 010 1111010101. 10, 101. 1111111111,11.1,11
11, 195 9971, 117. 6,88. 13, 173 {mico 111, 5, 327

dbnsahstant. 1, 01 7, 11110. 1, 11 11 111111, 101. 1, 101. 1111, 11. 11, 97.
1101161110116 109. 9, 189. 10, 1⁰, 86 ’11,935

mim·

 

