VOCABULORUM.

61511,ζτ111“1.4,148 01111119,99.11,641 6116167, 118. 15, 76 6111116, 654
61611,115161·.,8.129 61116. 898 6116111116,899.11,1791’11661964
1111111114, 87 ...3,1111. 11, 71 61161119,149 9111116, 67
9111911991991 0111100198 61116118,78 611616,907.14,181
0191111911 101 07111710. 149 palpat 1,86 6611366,171 8,1117
9111111111 11 111 0111 1. 100 palpetur 10, 906 parcendum 14,1916
61111εο6168, 178 ovilis, 598 6111611118, 184 61111111, 18. 6, 154
1111611, 1971. . 611116 ,1617. 18, 149 6111181116,899 6111116114 946
1 1161711116, 501. 1489461116, 184. 14, 85 611681110,976 611111 14, 159
11111111111 11 . 6111116 6, 966 6116111116, 544
6100821114 “ 6111118807 61160114,118
111191901· 91101010, 61611160 160 61111618,86.11,198
999· 1111910905 P. 6161111 10194 6111111114, 9
011111111οη3οὯ 61611116114,.197 6111111116 6,17.4 8,
0111116040 ,611 1111. 1, 111. 111. 11, 111
-01131111,197 ·ΡΑ1Σ(3111519, 99 19, 610 61661616, 18. 10, 995
1116116871 1111111116. 111 ρ...111,1οτ.1,11.111.11,1
01111011 ...11, 111. 11, 111 11, 111 11111 ...1111111111
911819114116 6611614, 168 61111111, 190. 10, 9006616017, 909. 8, 45
111161) 116995 61111116,991. 9, 9814, 97.7 14, 198 148. 9, 87. 14,56
11111 101933 1616116646, 75 6116616618, 188
’1919101199Ῑῦ 6161111166,199 6166111,196.14,8006116119,138.3,990
61611616101110.004 6101111110.ἳὸ 61661661616,959 564 10,.889. 19,
’1991101487 1110071019, 195 6666168, 96’ 107
’1111111104 1111111νί11619,112 6166ο7, 145 61111,6611116.8,104.
9111111619ἳό Pacuvius 19.l98 6166616110,109 15,180
0104111085 7111160103 Pansam 61111,166511111.14,908
1611166110,891 6116611111 161 616116, 689 putet 11, 91
mmmmm v ι 6111111,6’611111 -616111116, 199 · 61111614 181
’111401111079 . · paganum 16 88 616164 94. 7, 101 611115, 58
01111111, 11 6161617, 100. 10, 58 μ11,1111, 4, 97.6,6111115,141
⁸¹⁰9. 617. 10, 250 616614154 114. 7, 96. 8,986111111114,16
01661113,69111111161667,919 915. 10, 98. 19, 4. 6166166614, 17
2011916464 . 9116666616, 451. 7, 18, 59. 115,118 91118166616, 87 ,
1101111111 6511866 504 6111111612, 186. 10, 884 [1111116111 1101105 14,881111111111101,191614
(11.1·,1 11 66111, 111. 1,.11 ,11111111111166966611191. 640
0111161, 640 Parnm, 98 61661117, 66 814 897 8481440
0108, 959. 8, 90146. 1111111606, 117 6111611,106 575. 9, 10810,807.
15,158 - ’ 61111610908.11,11611161110,1.41 18, 9016 ’
6111115,58.11,184 1111011164, 58 6111161616. 464 6111615, 754
61011111 16, 80 61116, 916 6111118, 918 6116601168,149
ostendas 118, 215 1111 10969 p1r226‚96.14,48 1111111618, 109
essmdaturT',9 411116161,109 6611011 14 46 61111, 26. 8, 171. 5,
1011111114, 60 61111111,143 6111611111, 189. 5, ’-145 8ηο 4110190117.
611111.. 11, 11 ,1161111111 ...1111111111 1111 111111. 11,
60111866101194. 18,1861111611181, 176 611116, 607. 8, 130. 878138
101111...01,9.10,10..11111091 14, 973 611111 14, 808. 16, 59
ostendent 10, 591. 11,6111119,110.11,48 6111116, 906Ι 6111161110, 116
107 6111116, 985 6111166, 944 611168, 194. 6, 4811.
6016111118,127 6111111110, 999 6111119,49.15,109. 7. 48 1141511169
ο11..1111,11.5, 151. 6111186111110, 89 16, 46 189. 10. 218. 11,.
6, 588 ’ ’· 6111111115,87. 7,115.61611116,16979 99 79101. 19, 48.
οο111181161116,124 · 10, 189 ’ 6161116, 168. 10, 888 18, 186, 14, 181.
ο9114,48. 8, 171. 9 ,6111111168 95 6111161418 15, 85
105. 18, 97 6111614, 75 , 161,11111619 106 61111614,99.19, 110.
01111, non. prop. 11, 4961066615, 101 61111618, 994. 6, 960. 13, 1861. 14, 106
601161 4, 149. 8, 801. 61116116, 891 14, 140 61111166 16114, 178
8,851’ 6116118, 68 6161111118, 106. 5, 56661111, 41. 4,.9 7,

01110010, 149· 11119 9111111111 111· 111111 11111111 1111 111 9110116111

 

