1 1101110106, 533
’ 0011100117,148

, 10101010

. 0 011113,137

11011*

’ 111111 0, 010. 11111111, 01. 1111110111, ou

334 · 134
06016113, 60 “

06111010 6, 313
0661011600 11, 16
06611 14, 360

7, 34. 14, 161
0601114, 75
0601116,183
06010016, 636

nu 111 14,16
00111113, 86

·“ 0111111013, 117. 18, 13066013, 164134143. 0616, 460
“ 1110100007, 64 6,163

0611111103,114

06111614, 61 · 0610 10, ’339

0001114, 43

000016, 53 147 415 00001011 33
00011106, 434·

00 ..010107 101
000110, 24 704. 74,

33 110

001600 1,14.- 3, 133.
¹ 0, 101. 0,.01 0,

185. 9,1oo ’

06611011, 0160 06611011 06116, 371 603. 7, 66. opicaefi, 464

0101110013, 360
0. 061116, 411
06110111, 163. 10, 83 odium 15, 34 61
00016013,133.16060114304
011Ὓο176003 103 33 06010 6,160
0601110106, 331· 000161113,168 06010106,131
1,11111,160’00016110 6, 707. 6,06011111,14
010110611110 10, 766¹.
0 01011110, 769 331 11
,0106103113 occiderit 10, 311 016104, 113
0011616016,170 01011011, 141Ι
00016113, 116. 7,164011111116, 11 ‹
00016001 3, 37
· 00011111 8, 107366. 3011006010 16, 34
0010001013,131 101 0600104,106
0 00011 11, 180
000011010, 167
0001111016, 316
0110011100010116, 10 0000110011, 63
0110116100 14 311 000011111, 18. 3, ⁰
061115

00100111 6,·136
0 011016, 136

00001603, 60. 76, 46 46
0000111110 13,135’ 0160113134
0610106, 606
081010101115, 13
0000110016, 664
obducam 0000110106, 64. 3, 44 333. 11, 114
06113668 000011111,63. 16,139016010011631
0611113,141. 6480 occurrunt 76, 77. 4000010116, 331
oblectant 74, 666 666 010611 6, 87
obliquo 6, 94 0000110 6, 417 olei 7, 33
06110010 3, 64 occursum 8, 163 0100110 14, 360
06110007, 334 0000111116, 671. 10,0101 6, 430
0611117, 100 48 01100160 7, 335
oblivio 6, 676. 70, 3040001111 11, 34 113. 14, olida 8, 157
obrepit 3, 113 383 01160 11, 170
01111010, 143 olimque 9, 17
Oceanum 1, 3 01101 14, 144
061010014,337 ’ 000111 6, 103 677 0111013,οθ
06100006197 00011006, 8 077ae 74, 111
obscenis 6, 3. 11,0010016,357 0101001111,73
173 0011111,43 Olynthi 13, 47
’ 0610060 6, 676 00111101 8, 646 001601 16, 36
obscuri 6, 144 0010 6, 318. 7, 746 omen 4,136
obscurior 77, 765 0010006101 4, 33 0100111113, 778
0660111010 6, 760 0010016000 6, 191 onerosaque 6, 335
obsequere 10,343 00011ου06, 144 onus 76,ss
0610010660006,636 0001116, 433. 8, 6001013114
0610111111 6, 168 10, 33 333. 11 , 163. 00014, 138
0610101107, 947 14, 66 opem 11, 33
06101101 6,41 000106, 64 000118, ’314
061001, 166 , oculorum 16 68
0666011017
0611610011 16, 36
06661114, 43

061011 70, 143
061011 16, 6

10. 668. 76, 36. 13, 381
1331441013 operamne

011103, 33. 6, 471

011110011111 offici. 1, 111. 10,

8, 606. 3, 36. 10, 001013 307
73. 76,.6777 0010110110, 381

0111101111, 11

0001101 7420?
oppidu 3, 36. 8, 129.

15,8

opponere 9, 86 -

,φλ 10,36. 14,(000011010016, 416. 7,000000013,39 -
0000611011,18
000061011,168
opposuit 70, 166
0001001 10, 76
’1111111161111”””ι
optabunt 13346
mmmmm,
0011160101 1, 107. 10,

, 103

001106010006,.310

0011011600 10, 7

0111010011, 133. 3 ,116001110 10, 1161 13,·

00111110, 333

00111 10, 183 .

optus 6, 486. 111.ae-
115183. 14, 140

optumam. 10, 187

οο11ι1111,38186. ³,
2265. 766. 16, 138

00111000 4, 78. 10,,331

00017,66

0000061, 131. 6,367. ·

, 10, 315 ⁴

0113,140. 6, 48. 8,
36. 16, 137

01100106, 664

0111160111 10, 366

0111017,133. 10,118.

,, 11,34

01616, 669

01601, 108. 6, 11 401.
10,63

0161014, 37133. 5,
31. 6292495. 70,

40.,11 173. 14, 313
0160111, ’113

0001001011οι06, 473. 0161000114, 79. 6, 647
0001013,36.8,160. 9,3’3.11,131.14016100011011.01.1133

’01611,0001001.10,148.
16 113

01611,

4

 

