INDEX

prioiqtrem19‚80 1001611017, 64 7,165. 11, 168. 18,1011 1, 61. 5, 61. 7,
1101101169ῧῦ 1110111161 19,9 176. 14, 193. 16, 69. 9, 611 10, 916.
1110111115,159 1110011110111,60 97 11, 146 154. 13,
1101101006,519 110011110119,101 Proto 011015,190 4866. 14,·15191

1101101116,184 promittente 16,19 protu 111110110,50 1101119,159.5,156.
1106117304 promittere 9, 45. 15,110116116,98 6, 179408 551. 7,
probar- 11, 111 111. 1. 111 provehit 16. 57 11 111. 1111 9,
1106111110, 70. 18,11011111101119,19 110111110,983 41. 10, 865. 19,

, 905 11000110019,160 provincie 1, 50. ms: 83.14,48180

110611111,74 11001110110,990 5, 97. 6, 67 · ρο11111115,59
1101111113,188 1101111019, 74 1110100116, 990875 1011119. 168. 6,111
procerem 6, 96 prone 15, 147 prorooet 1, 94 596. 8, 167. 10, 107
1110011119,191.3,915.11101115,199 110111015,96.6,598. 989. 19,117. 14,

4, 79144. 7, 90 1110110019,49. 15, 75 10,196. 16, 996 8906

11101 1, 39 pronun 6, 46 = proximu· 4, 94. 6, 989. puerisque 6, 688

9755611101δρ 11101109, 106 9,106 puero 1, 54. 5, 151.
11011110119,75 1510111114,67. 6,147 1101111114,115 10,509.11,59.19,1
procubuit 5, 957 properabat 4, 76, 94 prudentie 1010 565. 65. 14,1147
11101019, 88. 1119. 19,1101111605,59 19, 39. 14,515 puerorum 7,940

5. 14, 45 lis, 16, 17 properent 6, 499 prurientiffima 3, 86 pueros 8, 964. 4, 199.

95 ’ properante 9, 964 1110111114,66. 5,50 5, 111. 6, 150971.

. 9101066906 110110011018, 519 1110111666 7,155177. 14,998

Proculae, 66 properantibus 8, 945 prurigo 6, 596 puerpera 6, 595
Proculeium. 7,941>10111110111 14, 178 1111111011,163 1101111019,46
protere 9, 115. 18,981>101011116,399 prurit 6, 577 1101111111111,156
prodet 9, 141 149. properet 4, 69. 6, 467. 11111111 6, 856 ¹ 1101111599

6, 1 14, 78 911111 6, 490 498 pugnacis 6, 57
prodiderim 9, 97 properate 4, 154 1111611116,384 586. 7, pugnero 7, 175. 8, 159.
1106116361. 7,156.111011111109,69 56. 10, 994 15, 74

10,.104 1110111115, 197 10611001 10, 41 919 pugnum 16, 47
prodigiali, 84 110111110111,71 10111119, 49. 11,909 pugnentem 6,901
prodigio 4, 97 propinqui 16956 101111111119111 1010111179,4

'prodigiosarum propinquirfl, 919. 15111111 5, 168 591. 5,1101111116,910

’ 1110111118,961 907 · l. 19, 8. 14, 185 11010114,191

1110101110,971 110110100679. 14,61)0111111116, 136 110111115500. isaer

producere 6, 940. 7,1110111016,509 1111111116,49 111110011658. lodo
146. 16,su proponere 4,46 pudicitia 6, 14 307. pulcher 7, 190

producit 9, 94. 6, 606. proponimur 9, 94 10, 998 pulcherrime 11, 56. 19,
14, 996 propotiti 5, 1 pudicitiam 6,1 96 116

1101101611 15, 94 propolitum 9, 91. 10, 1111111101 3, 111. 6, 1991011010,Ἇό

produxerit 15, 59 595 pudor 9, 110. 5, 60101119,05101. 19999

’ produxisse 15, 166 1101011116,195 154.10,899.14,1>011110110,196

1101101116, 966 proprie 14,80 118 pulcris 1, 137

11101111, Ι196 prore 5, 69. Ι10, 18611011011019, 89. 6, 951 101110 1, 197. 16, 57
1101111116, 569 19, 69 656. 11, 55. 16,94110111111119,47
proferet 7, 155 11011016,946 pudori 6, 65 10101001014, 54
110111114,91. 14, 749111011011118,996 1011011111,154 “ polletis, 913

11106111 19,16 110614,86 . ’ 1011116957 pulli 6, 615. 18, 149

proluit 4, 99. 10,594110111110, 97. 19,1101110 9, 59. 9, 160101101001 6, 550
profundi 16, 49 69169 ’ 4, 85 114. 6, 495.10110114,14
progenie· 14, 81 proipttllunt 6, 559 11, 164900. 19, 80. pullulet 6, 569
91011116649 1100101111.41 Ι 1645909 1000110951
prohibentell‚'1 1110111119,65 1110111016,366. 8,55.101111111111117, 165
prole 15, roo 11011119, 94 9, 74 pulmo 4, 186
11101118, 56 . 1101111116, 198 10111111115, 197 1011101116,,548658
proludunt 5,96 1110011016,996 1111111111,64. 8, 61.1010011010,6

. promere 15,75 protegere 11,85. 15, 4, 86. 6,196. 9110111119, 174. 6, 78.

1010116116,195 155 196 ν 7, 95. 6,195996.
1001111011111.11,,11001111310 1011111 6,.190. 10, 14, 957
85 1101111111 5, 140. 4, 46. 969 10111659

maer·

 

