VOCABULORUM.

hprmm 1111111,167.6,461 11111116,69 .11111117,77
benonim 11111116, 604 11μ111111,190 ’ 11111115114,11
1111111110,514 1111111111. 9,649.111117,991 111116,Μό
1111111110,,69. 19, 7,1098,117.1511111118,179.9,6911111111119,15 ·,

944 149.19,91.14,98.9 99 111111,1111111.10,514.
1111111111,94’ luuntur 9. 159 loge 6, 419 11111.,1ι11111.,9, 56
luae, 14 · , 1111116, 446. 7,190 legemque 6,694 1119, 57. ε, 99. 7,
1111111116,3 111119,969 11μ1117,104 109. 10, 515. 14,
111119. 110. 9,197.111111115,90 11111117,111.11.11 994
¹ mus 1111115114,191 leges, 11111111. 9, 50461111111,19.10,169
largn'103ffi1 11111511111,99 , 19.. 7, 999. Β, 91.111111111,95.7, 107
1111111995 Mammam 11,9. Ι4,100199 1111111113,1911
1111111ὶό, 110 11111111 14, 199 leget 3, 941 1151111111, 199
1115111117,θῦ 11111111 8, 49 99 1061119155 115111ο13,906.6,915.
111ς1110, 1119 7, 91 1131511119951. 16,15 7,96
11111111 19, 999, 15, 159 11111111 10, 99 legio 9, 155 libentia· 15, 99
111511111989 11111119 86. 6, 464. legiones, 182 , 11511, adject. 4,161,
1111. s. 111. 11, 11 11111 legiones 11, 11. 11, 1111
11111111199665 1111111111 1, 74. 4, 71. 941 115111 4, 90.“9, 911
1111111 11, 99 5, 49. 14, 111 legionibus 9, 965 944
1111111116,199 - laudes, '14 legitll,69. 19,,191 11511111,159 ·
11111119,99 1111111111,56 1111611110, 599. 11111111111115919.
laffata6‚199420 1111111114,154 100 ’ , · 6,199916.9,177
1111111111 1...111....1,111 1111111151199 11511117.116.8.963
lanqueum 11111118, 76. 10,149 111111111944 1151111111114,950
111616, 495. 9,154 laudo 9, 9. 4, 19. 1911111111 4, 79. 6, 543.11511111111111114,66
11111111. 1111 111 . . 1,.11111. 11, 111 1151111119.77
1111111111 11111114,69 11ς1111111115,174 11511111111ΑΟ9 ι
111119,55 1111111116, 919. 9, 11711111 6, 488 liberio 9, 59
1117111 15916 Lavinol9,11 . ι Lem 5, 99 libertorumque 5, 99
111. 11111115 Laurenti 1, 111 leno 1, 11 liberto· 111
1111 Ι14,3011 111111111111119,,1117Ι lenone 6, 196 1151111116, 145
1111 14,945 1111116, 79. 9, 955.1111111151116,,915 libet 1, 65.2,1. 7,
1111111119,19 10, 65 lenonum 3, 156. 6, 119. 9, 99. 19,
lateque 6, 99 §limumque 7,19 ³19. 14, 46 95. 14, 149. 15, 94
hunnorum 10, 17 11111119, 159 11111113, 100 libidine 4,1. 6,194
laterclum 1111111111 , lentaque 16, 47 §mss
1111116,57 1111191117, 175. 11,11111ο 6, 514 1111111111 6, 999. 11,
lamisem-4: 19,999 140 , 1111111116, 90 179 .
1111111115,99 . 1111111113,991 1111111111,1111111111.1,11. 6. 5481
latet 6, 996 huto 14,13 10, 987 8, 195. 10,909
1111111111. 11», 115 lautorum 7,·177 . 11111111 8,949 115119,197
1.11..1,1,111.1,111 1111111111,67 111 8, 36. 14, 947..111511111111,19,199
Ι..1111115,55 launum 15,161 1111111111ῠῦ .
latim, 996 · 1111111111,111 1111111117,76 115ο16,59
1.1111116,197.11,1481111114,67 1111111111 .. 11511111 6. 475
Latini 6, 44 11111 6, 145 Lepidi 6, 964 1151111111 9, 109
Latino 1,96. 6, 696 11111 6, 995. 9, 70 1111191199 11511110,147
111111 19, 109 · 1111111 1, 99 191. 8, leporem 6, 167. 14, 9111114118βθ4
11111 maz. 4,91 949. 10,35 lupum 5,194. libri 1,5
1111111111 19, 59 ¹ 111111116, 309 lepus 11, 138 1151114,16. 6, 450.
1111111 14994 71111111,96. 19196 11111111 15, 165 9,84 . .
1111 10,97 111119, 60. 5, 17. 6,1115111114,’66 libro 6, 969 577. 9,
111111111θὲ 111 letho 10, 119 114 ’
Β11ο11116, 175 lectore 1, 19 levabit 14, 89 1151111919
lato& 11,199 lectulus 9, 77 levant 19, 69 1151111113,41
111111151116, 414 1111111631 1111111111 8, 941 libuit 5, 16
11111111 10, 979 lecture 6, 976 1111 7, 940 Libum 9940. 4, 76
latrone 10, 99 lectu· 9, 908. 6, 967. levet 14996. Liburnus 6, 476
1111111111,111δ . mu , m 1111111 11111 11111119 m

. 111·

 

