¹ mum( ’

. 1111681141 18161611, 118. 188716161618149 16ς1681118,967
neat 1, 111. 1, 161. 116 1666161618180 1661116116. 11,
6, 418. 8, 981 11116184. 4, 148. ’8491611161 4, 189 184
licebit 11, 189 litui· 14, 900 loquum 6, 488 lugeto 10. w
1166161888 1111616, 680 1611116111 9, 111. 6,1οςο110,986
1161,661111,1,161.11111111111,110 489 ’ ’ 1111111110,997
8, 99. 4, 84. 7, 116.111611119,81 loquentem 16, 88 1116111618, 944. 6, 818.
8, 181. 10, 804.111611116116,11 1661161118108 9,89
11, 111166. 16,1311661116,166 loqui 1, 16. 6, 1661161161, 16
11161,ωῂ66116 1, 1081661111168, 18 loquitur 11, 119 lunens, 986. 8106
9, 147. 8, 144. 61661016, 181 loquor 14, 118 luminis, 98164
141. 8, 188 9081661119, 148 1666111114,11 11611,116.1,146
189 079. 8, 198116668,980. 8,19. 7,16111,61 1111196,810 ·
88199. 10, 18911 910 1611618184 lunam ·
290. 11, 66. uaccam 16661111ρο luam. 111. 16,11
19968987 10611111, 89. 10,48.1111ρ186ω 9, 98, 1811161868
· Linum, 108 11,81.18,188 808 lupum. 191
18611111114,806 16611111,108.6,641 161116, 418 16μ1116,181
118616 8, 187 locuple· 6, 140. 19,1616 9, 198. 6, 16516661669Λ49
1161616618,198 88. 14, 187 16116468 lu 1114, 118
ligni 18, 187. 16, 41 1661616116118, 96. 14,1616 6, 498 lu 617, 198
ligno 19, 88 197- 11111611 11, 178 lusci· 10, 988
1111616617, 94 1666899118. 7,68.1.11616618,180 1616116110.188
1191111110118 10,110.18,87 ² 1106161117, 79 10161115,189
limum 1661111 1166,611.1.111.11,61111.160
liguis 7, 88 locuti 9, 90 184. 16, 48 1616168, 61
ligula· 6, 66 . locuturi 1, ao 1161161, 161 11116116, 611
1811111618, 967 1141666,184. 1, “lucernum 11811119.167. 18,68
limen 1, 100. 9, 88. 10ομ 9. 84. 8, 984. 6, 11166166 8, 180. 8, 86 1101111186, 597 “
’ 611. 11. 111 11116. 6, 41. 16116116 ’1, 116. 1661610169141 ’-
1161111611. 14, 44 17 180 904 998 889 , 1018101189 ²
990 868. 14,188911 1116611111 6, 804. 19,9911116 8, 947. 6, 1807,

. 116161,66.1,111,ιο1μ,.1111. 6, 611.11611661,16’ ’ · 161. 161166

6111. 1611. 11, lm · ’1166611116 latalaum, 111
. 184 mgnum? Luciliuuhlfib' 1111, 19. 18, 158.
limitem, 161. 1611161111. 1⁰³· ⁶, 1111υοί· ¹³, 0⁸ 11101 ¹
11111109 ,10, 916. 16. 96 1661111116,118 luxumoe
16,... 9, 116 16161 6, 11 20⁹ 611.116111,161116 luxuri· ⁶, 111. ιω
linga 1, 116 1. 11. 6, 111. 11,1661116·1,111 11111011. 41
1116116161. 1., 111, 2⁷9 11166511 1116161,11611,46
116ς1119,118 ·“ longique 8, 979. 19,16611111118,94 1101011041 ¹³⁷ ’
ungamus 11. 1661 hennum& luxuriosum
linigero 6, 611 longi 1, 161. 6, 466.1111111110,141 11611616. 193
linique ⁴, 16 1. 11. 16, 11. 161166611111· 1161611. ¹4⁷
1111116,480. 8, 88 917 lucum? Lym, 141 “
1111161116119· 1616111116, 16 1111111,111 “ ·
linque515‚152 longior 9, 167 1616111111, 98. 14,
1116116116 longi-savo. 1, 161 161
1111618968. 8, 1681011ςί811111, 188 “ 11111111 15159 Μ
11, 16 f 1611111661, 661 11111116. 16161 ’
116661 11. 16 lengo 4, 11. 6, 66. 61616 6, 161161· · ·
16,... 16116 666. v, 116. a, 1111116111 Μ16611111,16,
11166111 161. 6, · 16. 1611111611 , mum! 61
liu· 6, 161. 1, 166. 111.11,’161.16,1611111111.66.111 616116 ⁵. 16. 1, 40,
16, 49 ’ longorum 6, 860 ludium 6, 89 6116616,181
nugatus. 1,141 longo. 1, 111, 11111116 6, qv 161. 1616616666
111116116,16 “’ 14, 198 ’ 177 ’ ’1616161618,101
11111 1610 longum 5, 18. 6, 61111166.898 16161619,16
mm 11, 116 116.6,616.11,11111116,161 mers 1, 16
116119, 160. m? longuu 6, 480 ’1611161106 l, 44 16111114, 148

1

meur·

 

