1111111111,191

1 nummu

¹ 1111111,11.6,116
Ligur §.6
irmen6, 165 ·
1111111111,109
11111118, 61
1111118,99

1 11111114,99
rincum
linguam
unguinum. 5,ss
linguas 1, 81. 6,9
6111111948
11111119, ’19
λ111111111,’19
1111111611
6111111119, 41
liquidoi, 11 .
11116116, 190
11111916
1111111,110.8,56
11111116,99
1111111 6,8
11111116,4’1
1111111111 8, 79
locuplete 3, ’14
¹ immistis,
1111111111
locutus 1, 88 49
1111116, 160
longol,95
iougor6,4i
loquendil,60

· 1111111168
1111111115,91
11111116158
11111113, 98
1111116,81
11111111 6, 185
111116, 69
1111111116,60
11111115,181
Luciferi 6, 108
Luciliu! 1,’114’
1111119, 91
11111616
11111116, 159 ·
11111111,70
11111111, 197
116111,111
luditur 8, 90
ludo 6, 16.
111ι614186
lumbum 1. 90
1111111118,980
erruiporrum6,4
Lupum
lustau, 186 .
111111,198

· magni 9, 19. 4,3

ι maligne 8, 91

. Μ11116, 81

’111111

11111116, 4.
marii 6, 89
Muri 8, ’15
miscui· 6, 144
1111115, 10
11111119, 67
Masuri 6, 90

lusco 1, 198
116111 6, 6
11611116119, 88
11111118, 104
111118, 96. 6, 46
11111, 111
lutoque 8, 61
lutum 8, 98

lux 6, 61
iurum 1, 61
11111116, 149
1711111118, 18
lyncem 1,101
11116, 9

1111114, 46
mrrulr 6, 66
mrxiliir4‚ 81
1111111111 5, 101
medico 8, 90
Μ111118, 65
meditanter 8, 88
1111111118, 169
. Mrjiie 1,114
Mn Melicert! ⁵, 108
melior 4, 16
11111111 9,1
1111111,1’. 14
membrum 8, 10
1111161113, 115

Macrim 9, 86
Μιο111119, 1
maenaque 8,16
Manu 1, 101 105
1111111611 6, 11
magii 8, 89140
magister, P. 10
mugistro 8, 46
mugissrum 4,l
magur 9, 11
mugnrnimur 6, 99
magne 3, 86

5, 41
1111111161 6,119 ·
11111116, 158
11111Ι 1, 88 119
1111111115,11 -
1111111116, 66
mendosum 5, 106
, 111111 9,8 '
1111111644
111161111116, 11
1111111116,85
muntii-2, 14
Μερ111118,99
1111115, 89
1111111114, 16
1111111116,16
1111111619,99
1111111661,

mugnus 6, 66
magnum 6, 66
majestrru 4, 8
maior 6, 60
majore 8, 99
majurum 1, 108
maie 4, 9

mulir, 1. geniis, 59

mumma 8, 18 mercibus 6, 64

11111119,89 Mercurialem 5, 119

mint 1, 184. 9, 16.11411111111111119,44
8, 1. 6, 189188 Mercurius 6, 69

' 11111111,11111111.6,159 1111111111, 15

11111111 6, 61 ¹ mergiu,rronr.6,30
1111111111 1, 88. 9, 8611111191 1,48
8,101 ’ merum 9, S
1111111111 6, 66 60 1111111119, 19
mansuescit 4, 41 mesre 6, 98 ,
1111111114,94 , 11111115,8 ’
111111111,69.8,11.4,811111118,68
1111111118,108 metu 1, 131 ·
1111111111,41
1111111118,96.6,41
Mutuo 6,19 80 metuent 9, 81. 4, 98
Murem 6, 19 81 metuenti: 1, 48

1111116, 146. 6,1 - ’1111111696

1111111111 4. 86

11111115, 181

mille 5, 59
11111ύ11 8, 98
1111111 4, 96 ,
Μ11111111111 1, 99
min' 1,9

minimum 9. 17

11111111119,31. 6, 54 1111111631

minui 6, 16 64
minutum 8, 11
mira 1, 411
mire 6, 8
1111111115, 199
1111118, 15 611 101
1111111δί11 1, 8
11111118, 66
miserisque 6, 66
11111111 6, 48
mitrii 9, 36
mittunt 9, 51
mobile 1, 18
1111111111 1,.’19
modesto 6, 149

memini, P. 6. 8, 4111111111

ruo-liro 5, 15
modicum 8, 95
modicus 6, 109
modo l, 44 69
11111113, 69
11111111 6, 8
1111111 8, 93110
molli 1, 68
moni· ³, 68
momento 6,18
1111111115, 148
mumius 1, 19
monstrari 1, 98
1111611111 8, 51
monle· 8, 65
monumenta 8, ῖδ
morantur 9, 48
morbo 8, 64
11116111 1.,107. 6, 86
1111111111 4, 80
more 1, 19
morem 9, 81
moror l, 96 61. 9, 69.
8, 69. 4, 66. 5, 1558
moretur l, 11
morientis 4, 89
1111111611 3, 45·
1111111 1, 111
11111111 6, 19
11115, 1 ”
111111115, 198
moreni 1, 88
moreris 8, 81
morer 6, 184
11115, 108. 6, 5

. 1111118, 18. ⁴,49.6.8

’1111111111

 

