INDEX

6611661181950110,16668610, 169 annulus 7, 140. ,1166666118
411198 6616661178 106.11,18199 apex 19, 79

amictu 9, 89 6666110619, 85 annum 1995. 6, 590 1ρί61664,93. 11, S

6161066 1,149 1611163681 166616, 191.7, 79·.19 6616168, 996

amic um 11, 116 191 666611, 88 11,1019716,19 apium, ‚590an ,en

979 5, 110 6666619, 1518 ,961. 6616116, 619 men 8 68
anneus 9, 1618101. 6,500.,8 955.10,77n16716u7,5an[e¹65, :plustre 10,186

5, 1811. 6, 919. 9, 109 , 115 Appollo 1,198,18,

191111, 1560 anim971,151 Auia-umss, 69 908
81611116, 66111161611166 661116ὶί1 8, 56. 19, 9. ante 1, 779. 9, 44. Αρο111616 7,81
7775. 11, 755 11, 76. 757, 96 3, 6 1 616. 1, 165, ιρρὲιιι, 7, 1⁵8
Ammonis 6, 5755 animalibus 15, 11 178 56 115 158. 6, 889 6666161164
11169610, 591 6616661 6, 590 659. 116 491565 589. 1611331. 6111 77.
66166610, 177 ,11,68,10,981.19, 7,148.8,119961 gunnam. ¹
amnibus 8, 170 67 111 156 9989, 108. apponat 9, 98
amn5719, 69 661661 4,152.6,699. 10, 191 968 889. appofiutss, 199
66666184 9,11.19. 15, 95159 11, 188190. 19, Appulapmlia9,55
66166164,108.8,159661161 5, 91. 6, 189 118. 14, ,985 890 Appulmonenpropn'·
am0715, 189988 619. 8, 91 110. 9, ante 71p17 &beta 14, 77777 6, 65
nmore5,115 ’ 18. 10, 9-10. 18, 909 1666113191
616616611974. 11, 190.14,119 ante. admb. 6, 996 {pri 5,167. 16, 169

991 6616119, 189. 15,59 691 apm71,l5l
Amphion 6, 179 mimisque 19, 88 66166616 19, 19 :prum 1, 98
66161119, 10 animo 1, 159 169. 6, Λ61106166616,887 6616661989
nmplectilur10,151 179. ll, 15. 18, 1616161197 661115, 115
amplexu 6, 65. 9, 75 195. 14, 899 577730777 8, 999 aptior 6, 680
616611061698.11,ιηί166163610860 Antilochi 10 958 66118166 11819

171 16161611, 89, 6, 981. 1611661668, 98 6611666158
amp1i075, 118. 6,119 1, 81 8114, 1611611611,631·,1 90 apud 6, 91 894 488.
8616061168, 69 88 661166615,88 11, 187. 18, 81
²69. 191. 6, 61756616,6619 19. 6, 91. 66666614, 910 6668119

579.7,1511,599 10, 857. 18, 106. amiquui: 1153 quun9, 1⁹⁸· 552

18. 10, 100. 11, 81 14, 15 965.15,77711q77115,109 6666116 1981

1111 18163901 159 mtiquisl, 188. 6, 46 &quan 6, 597

1·,5 13905· 15, 119 66161668, 507 6, 908. 16, 15 6661166611, 197
,11616161 7, 57 6666019666, 899 6661168, 69
26565115757, 16 annalibus9 509 66116666, 598. 7, 72.- Aquilone Deoembri 9,
Anchemoli, vide Ατ- anne 5, 78. ,179 11886. 18, 149 68. A17'7'7e gunt, men-

616636ιὶ 199.10,907.10,=7717quu7776,91 1011666616ῐί
Λ66131167, 991 199 5777111779.118 7⁴quino5,319
Α6615, 51 6661117918,Θὸ 161661 10, 198 6661111, 68
6661111116.. 9 196 Annibal 6, 990. ’7,1161661618, 106 anamim} 9, 89
7707715 6, 119. 8, 959 961 77777715,4'1 775,a5777.6,15. 15,
antil12666197117 757777767177776, 16915, ιιιιιο 5, 1.] 6, 891115
6669181319 117 7, 59 572677711771.150
6661619111, 119 8661161119, 108 16111661, 8 77767715, 160
8611611611, 116 ,661,6,969.16,939.1166615115 81161669, 56 ·
6611μίιί14, 979 18, 58 66ιί61, 159 10, 990 772127
Anwn5, 10 66661,,117.11,58 7777777157 18 911 66166618, 87
‹777569 97 6666619, 700 277757577167, 57 auml, 44. 6, 807869.
166168, 70 777075, 199. 6, 198. annus 10 80 10, 88 908
Androm77chen6, 609 7, 89985, 8, 999. 1166186617, 511 aramque ,14 919
angu7,n71 59 10,188949.18,17.16611116.11,188.6666111,61
ang 611165, 108 14,18 11169 27271, 11181416,
„g u„ μ, 951 6666166111,119 66011104, 110. 9, 98 814. 19, 119. 13,‘ ,111
„mlum 573 13, 74 6666161 14, 195 25577557 466 6116119, 71·
,,,ἓυςῃθ 16’7 6 3575 666666, 419. 16, 89 166666, 891 616067, 49. 8, 976·
²59⁹ ¹2⁷ ¹⁰ ,11 18 1161, 18 111111· ⁶⁵·

1 11111 a 5

' ,mama 90 arbitet

 

