10011010151·’

facimus 10, 866. 14,11111151116, 488 1110010118, 68 111118 ,84560870 5,

316 11011111114, 146 11111019, 8 498’
11111018,115.6,689.11111114,188 1111016118, 807. 18,11111111689

10, 856. 18,808.1111111151116,859.14, 818 1111111118,898

15, 14 073 1 1111111118, 88 11111188, 78. 18, 984
11111110016, 893498 1111115, 10. 14, 818. 1111111110, ’75 ’11111111118188
1111195140 15190151 1111117, 12 ferocem 1. 168
555151, 79, 2? 57, 3, 15555155 556, 63 11111110918.18,8891110017,186

58 918 988 8, 91 famoso 15 46 1111111111988 1110119,7 ,

140. 6, 11040859501111111114, 81 · 11111119,17 ferratum

1146 651. 7, ss 57 115110, 01 11111111, 60 1111111, ablat. 11, 96

99938.1,’915.9,1111111119,119. 1,11111118.11’ 5115145505111,

107. 19,815.14,80. 198 ’11011116,114891404. 6, 80 807 8987,

55, 35 smumss), 00 56, 093 14, 511181 17.10,859.19,109. ·
1111111118, 45 168. 8, 81111, 6119111111, 11110111, 687 1101481500 55,

9996188 178. 8, ,91“’,1ιιαβο 1161 1115111101111118, 168 80’ 198 .

1. l8,60.16, 187 legunt, 1110114, 88 14411149, 9916465.1111146,93.7,1110
11011106 185’ 11111115, 68 · 14, 186 ferma: 851
7551511014 5211219,84,14,155 11010114, 19. 6, 618 11111111, 3.1 11, 199
7515116070, 13,19315115557,06 100119,1119.8,’59. 4,1111111118810’18,98

810 111111111, 109 85.1,09.11,1·143995 111168, 3055115111,
1111111611. 8,95 111116,085.9,1.,88 10, 116 559 668. 7, 094. 111,
110108, 168. 10, 818 188 11111113,819.13,81.316.11,1111.19,54.
1111111118, 196 1111115, 11 14, 119 14, 98174
1101011111, ’.95 18, 56 111 1, 5.8 10, 55 851 14114118, 811. 11818 ferroque 10 866
5,,,55564071ζ13 001 1111116111’9,18511110116,1196880,
1111115,70,6,1555751111111, 18110898 1811410110191311318 07. 16178165
facunda 6, 414. 7 ,86 697 1111011111, 1 11118, 611

10,974.15,111 711017, 107 1111011011111 16 59 1111111’,8 69. 6, 81. 11,
1110111114,89.7,145.11111111,960,10,85791111111118,119’ 6. 10170

10,10 1515, 6, 060, 0, 14, 1111101116, 957.7,190 11111118, 49 988. Q
1111101016, 45 ,’ 14, 894 ,’191 19880910, 680 =
stcundum 8, 48 1111101115, 110 8481101117. 14,01 ferventem 10, 301
facium! 11111111 111, 909.14,111111116,199.18,151 1111111111, 61
[11118801 184 801 1111111118, 849 111111559496131.
1111111113, 89 1101111111, 00 01111111043, 876. 8, 69'
1110160111,149 1101111110, 886 11411 11111121,15
811111116149 1101111111 10 870 11111’111119,104 1111111111 4711
mamm, 116 [5111513339 ”111101118, 970 1111111111’6, 314 647.
1111111081, 188. 6, 809. 1412g8, 874. 6, 661. 141116, 1150 764. 10, 987

15111 1, 001. 9, 50. 10, 11111101 1111111518 51
8111111016, 499 116 11111118, 85 10016,158.19,98.15,
1111111184 1111511118918 1111111166 88
11111114,109 1111118, 5'9. 13, 989 11111, 1111111, 85876. 11011111 4,146.14,
1111116148 ’ 111111110,108 . 8, ’47 918
11111865 1111111119, 17. 10, 178. 111115 164. 7,147 1111111119,196.14,11
111101,98. 6, 608 16, 189 11111111, 64 110111114, 96
11116,1111116.1,67 11117, 800. 16, 4 11100111, 94. 7, 184. 11011010, 976
falsum 16, 88 1111011118, 85 11, 64 1101111, 88
11111118, 89. 14, 818 11115114, 6. 6, 441 11188,841.10,88.11, 1100 15, 38
1111116, 66. 8, 71. 16, 111118, 16. 6, ⁹133. 18, 119. 14, 178 1100111118,173

98 156⁹ 11111111 16’, 48 110111 18, 8
1.111,111.7,19.11,1111111,105.13,1ο4. 11111111118148 1111116144
1111116,599..,7 89. ’,8 1451417158 1111119, 186. 6, 9· sm 10, 167

76.9,86.10,1851110150110199 1111111108, 79. ’,70 88 11116, 77 864 401. 8,

140. 14, 168 1111111111 7,190.10,111118,119 191
11111111, 79. 6, 90 968 1111111189ηὸ 165 fibulas, 78878

407. ’10, 114. 11, 1111111116, 657 , 1111117, 56. 18, 98 6116111114,9

98 11111114,88. 6, 687..1111101111914’ 61116911
1ω11,11.15,101 9,’89 1111116,4111 1111118, 77

· 611111

 

