¹1Nnnx

111111110196.109481111111111111084.09881111116,494.1066 1111110197. 8, n.
moncel, 144 111111111488,14,97111114, 140 18, 64 938. 14,
mortifera 9, 96. 10, 10 munimenta 9. 99 ’ 11111 16, 68 188. Ι6,9 19 ,
monitat, 16111. 14,11111111118,948 1111111101 negabit 14, 184

991 munitam 10, 171 1111111111, 81. 6, 899. neget l, 79. 8, 918
mortifero 4, 118 1111111 14, 188 8, 981 negaverit 10, 891
1111111 10, 857 munuscula 086 11111119, 51 negavit 8, 168
1111111111 8, 179.16,79111111111,5,09 1111110111 11, 84 negem 1,106
11111111 4, 19. 14, 69 11111110907* 1111110199 neget 1087. itm
1111 eit 6, 891. 10, 919111111116,688. 10, 89111111111 10957 neglecte 9, 15
Μ111114,109 murmure 6, 67. 10,1111111114,8 neglectum 6, 16
11111 109 990. 18, 994 1111111 11, 94 negligit 9, 189
11111118, 49 1111114, 189 11111 11, 117 negligit 9, 99 ,
111111110909. 18,861111118,940 111114, 55 negotii 11, 181. 14, i
mebant 8, 19 1111116,888 1111111 8, 965 964
movebit 0966 Musarum 7, 87 natet 6, 611 1 1111111 16, 169 161
1111161117,171 1111111111 6, 901 1111 8, 166. 6,19.1111111118,191
1111111111 9, 69 11101058 ’ 18, 84149 1111111114,6
1111111118,996 1111111110960 111018, 100 1111111 8, 85. 8, 57
1111111116,810 munnio 11111011 164 180. 10, 110 1
111111 14,6 111116111094 natisque 10901 160 185 896. 18,
movent 1099. 16, 1611111111 8, 66. 14, 65 native 14, 916 166181.
moveri 6, 418 699. 18, mutui 18, 940 111111116, 174. 10941 111111 ³,1n

87 1111111116, 470 neto· 6, 86 696 nepotes 9, 198. 8,67
moverit 6, 948 6111111161 16, 98 Nan· 8, 95 neptes 6, 964
1111111 18, 114 Mutius l, 164. 8, 9641111111, 141 Νορ1111118,81
1111110718, 908 mutorum 10148 11111111,79.9, 140. 1011111111 18 169
novetur 11, ne 1111111111 111 111 111 11111111111111
1111111116, 687 0471111010 19, 4179. 18, 111111,11.8,19111
nox 0947 980. 0961011111 10197 166 986 989. 1, 4,41. 14,191

098 196 993. 8, 8901111118, 109 81891. 16, 189 nequeo 8, 49. 7, 56

10819. 11,168.1111111116,166.7,188111119,11111.1088 1111111110188. ’

1090 60. 18, 169. 11111118,198.10,869.1111111111118, 905

14, 99 196161 10188 1111111110916
1111111068. 10198 mtu- 1, 104. 8, 80181118, 998. 10, 808.
Μ11111,11”111Μ111111 Ν. 014969. 18, 17 19, 198
1111111111 14, 917 11110148. 10, 186 Ν111118,79198
1111ςὶ11110, 317 ι’ 1111111066. 109881111111118, 170
1111111114,πό ΝΑ1111111111,196 wirnitum& 17111114, 88. 0919
mugitum 1, 68 11111111 9, 1 91 1111115111 14, 801 Neroni· 4, 137. 6, 614.
111111, 181. 18, 66 1111111089 1111161118, 106. 0189 10, 16
mulier 9, 198. 8, 96. 1411114614, 899 minuunt 11111084

6, 961 489 458. 10, 11111111 14, 194 1111116,98 1111111109ῠὸ

928 11116116, 108 11111111 8, 97 nescii 18, 940
1111110817 1111111 19, 89 11141116, 489 1111111 10, 860
multorumque& 4⁰ namnet 16, 14 111111 19, 89 nescierint 16, 168
1111111114,16.11,37 111110111,909 11101116,101 1111101,180. 8, 41.
11111115, 99 1111116, 411 1111116,168. 8, 174 1048. leno
1111111119, 66 76. 11,11111114, 35 11111119, atne. 104 nescire 6,187. 7, 97

105 1111111119, 164 1161111114,9 1111118900. 0169.
munda 7, 181 nascenti 19, 9 1111111116, 596 18, 88 84
1111111110169. 11,11,1111116,1ο 1111111 18, 116 nescit 6, 60. 6, 946

15,147 11110119, 88 nenti 10, 816 800. 19, 98. 14,
1111616111θρβὸ nascuntur 14, 943. 1011861811 1110990 931. 101
mundum 18, 87 10 1111111 18, 44 nescius 11, 100
munera 8, 36, 9, 6071111 10, 189 1188166, 01 Neston19,128

10, 858 11111,67.6,147 1111111, 18 Nestorii 6, 895
munere 1, 86. 9, 148. nasoque 6, 6 1111116115, 166 neu 14, 908

4, 1ss msorm5,4n 1111111110174 118, 891. 9,71. w,

’61111ῐί1111 10, 806 116110198 1111111111ιὸ 166868

niceteria

 

