INDEX

111111111898 corinthi, 1111111117νί· 1111118476 1111111111 18187
ω111ης11114,184 11111,0,197 (1111118, 86 emmeramus
continuis 10,190. 11,611111111118,118 0111110, 909 erepat 10, 69

9117 111111 18, 166 01111118, 104 Crepereius 9,6
11111111 6, 499. 18, 1711111118, 69 ι(711111 16111 17111117, crepido 6,0

19191914, 948 111111114,904 144ηο91 111111111,116
1111111111118, 990. 1711111116, 160 Coty 1119, 99 1111111118, 100

4, 09. 8, 180. 10, 111111110, 947 1111111116,606.16,1111111111,170

0884 11111111110,84.10, 99 11111111 10, 94
1111111,1111.1,160.,6 44914 1111111117, 79 1111111111 11,89.10,

648. 9, 1991. 18, 1111111119, 110 1111111116, 688 918

190 11111 9, 90. 6, 814. 01111 6, 109, 7,96 1111111116, 96. 6, 870
contr-que 16, 84 19, 9 11111111 19, 97 11111116, 998. 7, 1111.
Ἰ-11111111.1111,908 11111118, 166. 14, 111110, 997 14,109,41’1
11111111111,106 199 11111116 1111111114116117
1111111110,178 011114, 968 111111 16, 66 (71111110, 897

· 1110111119, 91.10,11111110,819.9,180111111117,164 0111114, 9701

966 “ 1111118, 996. 10, 89. 11119, 189. 8, 98. 6, cretatumque 10 66

1 11111111 0, 910.10,16,60 8814, 810 01111119, 6770

966 , 1111111116, 61 11111111, 168 1711111110, 08
11111119,160 “ 111111119,06. 19, 87. 1111111119,99 11111116,98998499.
111111111110,90 18,149 11111110, 110 8, 198 141 916. 9,
“ 111111111118,190 1111111118,68 1111111111 ,60 1111111911
1111116117,199 . 11111111 6, 86. 11,97011111110, 100 1111111110, 166 966.
connum 1111 coronatum 6, 11 ” ...1111111 11, 111111. 11,

. 111111110, 891 11111119,189.19,1111111,09 ’ 89

1111111116, 980 11718, 980. 14, 11111111,9 44 1111111114, 16. 6,918
11111111110,148 16966 · 11111119, 87 984.10,69.18,
11111111 7, 106. 16, 11111119, 76. 6, 984 1111111116, 688 694. 14, 988

164 ’ 604, 9, 79. 10, 917 11111111, 61. 16, 81 1111111611,76167.
11111111119.189 8561191 lm. 1111111116, 619. 8, 11169
1111111116, 96 11, 61. 16, 91. 16, 907 111119,119
1111111110,199 63 111111118, 07 1111111118,106.6,190
1611111114,190 11111116110,969.16,111411 8, 7.8, 166. 409 ’
1111111118, 987 106 6, 608. 14, 149 11111111116, 816
11111111111, 4 1111111110996 091 908. 16, 118 1111161116, 168. 7, 70
11111116, 74 161. 9, 1111110 40. 7, 69 1111111 10, 861. 16, 17111114, 01

10. 11, 60 1111111111 10, 170 87149 0111111114, 94
16111116, 96 1111111110, 999 1111111111, 176. 0111111114,14

, 11111111 8, 960. 6, 1111111114, 64 14, 990 0111111111, 97. 4, 1

498 1111111116, 00 1111111111 10, 64 · 100
1111111111,1180 11111111111489 credent 6, 660 . 1111116, 081
convivial, 141. 6,09. 111,111116 179 11111114, 70. 6, 611111111116,891

11, 160 177. 18, 1111111111, 77. 4,8 169 11111ε4, 70. 6, 965
49 corruptore 6 989 11111111 19, 90 491
mamito, 101 corruptorum 804 crediderim 16, 91 1111111118,998
convulsaque 1, 19 corruptus 6 541) 1111111111 16, 171 111111 7, 93
cophino 61541 01111116, (19 1111111110,104 11111111111116,9Ι
1111111118,14 111118, 969 ' 111111111,11.1ο11111ω111113
1011111,07.10,9 1111111111 1111116, 974. 10, 60 0111614, 898
0111116, 90 0111111110, 67 946 0111111110, 974
1111111116, 167 · 1711111111, 100 111111 14, 119 9881111116 91818,
1111116, 189. 0, 9. 1111119, 68 986 · 106

10, 99. 11,47 69 01111110, 101) 11111116, 699.,8 1961111111110, 806

, 0111111116, 64 1111117, 909 1111111117,108.11,10111116111111477
1616111Ι,78 1111111118,964.19,6 11111111 8, 98 14.6 1111111111, 998
..11111111 · 11111111 16 11, 111. 11, 111 111111 11

cercyna 16, 96 Cory y⁴:1414, 967 1111116, 1 1111119, 78. 6,909

11111116, 181 01111119, 109, 411 credunt 9,169.18,1111111.108

411117,17 16, 98 1111111116, 69 , 981. 15, 69 11111111,148

1111111111

 

