INDEX

’ 411111191411 999 509.1,15⁶119.921112 11,·11- ,9691119981

9111199996, 406 8, 109 969. 9, ,86.μ111118,971 10, 19. 11,46. 18.
pannum, ιιι. 9, 99 ιο, 130. 13.8181.p11015, 1919191. 94191. 11, 119
p211101p2m3,62 ιι. 99195 119191 ιο, 19Ι pecuss, 1. a, ει. 19,
paniculamls, 14 966. 16, 6456 11111949, 68111. 6,60. 41
ρ111191111116,79 pam-,m ’1999 1111 9816111· Mu,
91111110, 909. 14, 9419919111, verb. 18, 91111ιοί 10,9119. 11, 66 178

,1111119191 119 6111119, θοι. 9, 6998911169)

parto· 13,95 patemus, 6667 10, 887. 11, 146.Ρ96911111111114,919
9111119188 99191111, abl. 6, 88 18, 47 , 1116617,148- 6996
partumque 10, 869 ,91911ιί6864 111991οω141ῡὸ 8161111111, 111. 8, 971
putat, nonin. 6, 696 9111191119, 89 ρι1ιοοιιιι910, 148 844 6649 496. 9,68
partos, geu. 6, 891 · ριίοιιιο11,89 1111190118, 160 Md, 199

pm 191. 6, 199 991. 9919, 99. 9,1οο. 1961911 ο, 199 1111111411

1991. 11, 99 191 pam 199 mmo, m
μπ1,647111.6,668. 7,]111111919, 99 p111110qu16,95 9914111 18,91’

98 9911119919,180 puidam 10, 87. 1³, 11019191 18,86 1
9919199110, 170 92115, 396178. 18, 999.16,8 1111016969. 11, 184 ’
pamm 8, 88 980 pnidm 11, 168 11119118, 184. 14, 67
parvum ριιίειιιῐ,81. 7, 88 ριιίιιιοιιίοοι 14,6ο pvjonque 18, 98
69916908. 9,187 p=1121u1111211 9191111199, 84. 6, 1941101012, 19

. 1:11111196. 18, 168. 1911119111 6, 991 18, 188 μ11ς17,88. 19, 17

14, 819 19111984, 79 188 paulumque 1, 88 1111151991 1, 186
‘paruit 14, 331 91111911, 77. 8, 219.1²au111que2.146 1141ῃο 19, 6477. 14,
1111011116166 6, 96. 18, 908 1111111117,148. 8, 91 977
parumper1,62.10,150p=11111,93.11⁶2 1919166996. 9,114 1111111116,90
pumma pamm 8, 944. 14,969111109111,47 1111169917,190
pmoque 14, 6 161 pavonem 1, 148 ²¹2⁸ 14. 914
ΡΕΠο6 19,9“4 Ρ1111Ὴ4ς 16⁴· θ’ 694167116ΡοῙῶ 1451614 5,P0101d!3,28.
,99911999 ιο, 310. estes 119. ο, 91. 9, 11119199 loa&

16, 197 1911119181. 7, 188 11, 8. 18, 96 9911ι610, 166
1111191111 8, 901. 5, 1861191111 11, 161 ¹ puupere 6, 166 pene 8, 160
61111116, 108 [1111161161. 8, 99. 4, 94. piupen'bus 6, 61 pellem 10, 199
,11619916 ιο, 9ο paupers· 9, 111 9999119111, 11
,1116111991 purus, 99. 9, 99 11, 191 9111111. ο. 1. 11,111
μ1οειιι1111117,76 944. 14, 7071166919991111 8, 169. 6,pellioe0, 971696
μιαιιι. 11, 99 919 991. 1, 91 99111911.. 1, ιι
,11911118 pavia-que 8, 198. 6919998108, 188 lluoemflepnlw
,1119119111 111 , ριιιρειιι1ειιι 14,986 clupeum
pascitur 9, 186. 11,,191164, 199. 6, 84. ,1111991116ιὸ, 867 9911119911. 6, 440.

ιοο 915. ιο, 111. 11,pu1,111 ιο, 91
pnrcuao, 66. 1213 69 peoenndi 18, 906841 8111116, 480
99199917,93, ριιιὶιοιιιοο 6, 674. 7,1199111116,184 1111191 14, 890
paffef 6, 8. 9, 64 . 984 ροοοιί 8, 141 pendebat 4, 88
pfl 19, 16 ι Ριιιίοἰω 10, 889 peccaturo 11, 49 1199899110, 184
ΜιΗ, 161. 16101119161111, 109 9196911418 pendentm
911191 10, 181 1181ῐοὶ919918, 190 pecorum11,11 [1811611119 8, 196. 6,
ριοοιιι,]νόβ. 14,971 ,Ριιιίοίω1,94 pectere 14, 916 649
1111191111 14, 814 patriis ’1, 911 pomerius, 97 pandamusque 10, 198
1111101 1, 976 111111111οοὶ1 1, 188. 69991119 6, 869 881. 8699119111 6, 996. 8,
911191116149 113. 10, 18. 19, 60 80 904. 11,89 ’
9111911691 9, 197 61. 14, 116999 pectitque 6, 496 9198191116, 890
9111911111, 151 9111113, 48. 5,149. 8, pentorn 6, 660. 7, 66 penden111que 11, 101

. pateam 6, 81 917 160. 16, 110 1141164118, 16. 6, 471

patent 5, 86 patruis 1, 158 94910196, 110. 6, 98 96119116 1, 66. 6, 669. 8,
putu} 10, 64 Ρ6111111114, 86 951)· 11,2811113,6989 w ι
91141111 8, 961. 6, 848 patruo 9, 88 14, 989 Penelope 9, 66

patens 1, 68 purum 6, 566 pectus 18, 197 penem 6, 886. 9, 46

‘ 18111118, 976. ’6, 689 9119918111 1,ae pecudum 18, 989 penes 14, 996

16819198. 6, 6177 p=tui11‚1e pecu1iaa,119 ⁸ 9199111146106

,ιιιιιι

 

