111 DEX

..1111111111 amicus 1111 1111111111 1, 111 ’,11111111
omo 10, 911 [181111 6, 618 61ι1118,906 ς1111111111 18. ‘22
peliden, 899 ,14111698 1718111116, 188 gul: 1, 140. 8, 84.
μ11111 6, 966 · genuen 9, 99 1111111113, 78 18, 90
‘mm 7, 71 · 3111111118, 188 61181118, 996 guli 5, 188. 11,
(1111111111 8, 814. 18,μ18111117,178 (11111111,1ω. 16,110 14,10
188 . 3118181116, 79 Gaiusque 10, 188 [1111111111 11, 19
[1111111118804 gestis 14, 814 gramineo, 60 gurgini. 180.
gemino· 11,108 gestu 8, 194 Ι1111111111 19, 40 14, 980
,1111111111668 (1111111880 · (1111111111116, 481 gurgitibus 18,·80
1111111990 0111111111 8, 96 611111111ῐί111 8, 76. 7, gurgiti· 8, m
’ gemitu 18, 180 gibboque 10, 809 916 Gurgitis, 111111. prop.
gemitus 6, 970. 8, 88. gibbum 10, 994 - grande 4, 118. 6, 168 6, 986
18,11 [1081116109 816 685. 11, 198.ῑ11111115,89
[1111111868 'gigtn1um4,98 19,197.18,81.14,ς1111111111 14,88
[1111111111 18, 188 Gillo 1, 40· 981 gustu 11, 14
‘mmmm gingiva 10900 gunda 14, 171188.11111111,84
[11111111184148. 6,111111111119,1 16,14 ² guttos,268.11,13⁸
487 1111111141111 [1111111 6, ’18, 7, 110. 81111116, 108. 18, 192
‘emmau 10, 97 11181111 14, 186 19, 16 gutture 1,186
genu10,192 11111114, 49 grand& 6, 184 801 1111111111 9,116
ςε11118, 160 1111111119, 144. 6, 110 644. ,0, 81. 11, 78. Gyan 10, 170
genere 9, 188. 8, 81 gladii 10, 164 18, 147 Gyaris 1, 78
generi 15, 189 1111111191 1111111118, 78 3111111161 8, 118
generi· 11, 6. 18, 188 [11ᾱί1894816845.ςη1111117,910.10,71 [11110010
[11111111 8, 87 18, 98 [11111111 8, 808
generosa 14, 81 gladio· 8, 198. 10, 198. 1111111111 14, 174
generose 6, 194 18, 168 [1111 14, 188
'gunerofi 8, 994. 19, 40 gladiosque 10, 181. 14, grat: 1118, 66 14
ς1111116119, 148 169 [11111111. 188
generosum 8, ³0 gladium 10, 90 1111118, 64. 18, 4 ·
1111111118191 gladiumqunss,123 ς111111116,888 'Hm 8, 188. h
generum 10, 119 glandem 6, 10 'grnulor 18, 86 110
[111166 878 glandi· 18, 87 [1111111184. 14, 70 8111111118,987
,111. 11, 111 (111111111111 ,111. 11, 11 · 111... 1, 111. 11, 111.
pn121124,⁶6.10,³³4 glebamque 19, 88 grue 7, 71. 10, 896. 10190
[1118116898 glebula 19, 166 14, 948 818111 9, 89. 6, 147.
8111116. 100· 15108 1101110, 111. 7, 81 811 gram 8, 800. 11, 197 1884
8101111110· 818 118. 10, 148 1811111116, 490 11111811,181.1,1
(11111114, 40 107. 18, 88 ς1111118, 488. 16,98 8181811118,111
genitrix 16. 6 1111111114, 98 311111116, 188. 18,99 8181811 11, 60
,11111111 10, 199 ,61911197 · ς111111118,178887 11111111,161111 -
genium 6. 00 561 gobio 1 ιζ 57, gaviorem 8, 908 11181111 14, 980
111180811898 Gorgonem 1 1111111, 111111.1,1.1..1..11,11 ,
,111. 1, 111. 1. 111. amm„ 3:11, 11111111111111111111.. 11, 99. 11,
11, 111. 11. 111 cmm μ, 9, 11. 11111 111. 111. 11, 111
‘entem Β1 18 qn Gnoehos' 210 11, 4¹· ¹³0 198 1180908 6,611 ¹³, Β,
,11111111 0„„„„,:,„ ,ῃ 11111111, 111 nmen 111
1111111118,111 gmchofflstss [1111111 19, 98 11181111,198.10,80. 1
gen111123,64 Gmohumg 901 [1111111 15, 119 14,907
1111010. 191· 01 110·ρ,,,,1,,,,9,ἰῃ grege 6, 889 811. maban 8, m. ἢ 94.
111189 ‘33051935355' 12 Μ· ’148110,94.11,60. 10,92 ’
:commu ,,,,,,,,, 900 ' 111111. 11, 111 1111111111.
881110 101930 omme '123 ς111116,174 1ο, 865. 14, 815
8010101 410 ⁵5⁶· ffoffljw, {2113 ·μ1118111,46.6,160818111, 40. 8, 199
111111. a, mmm, ,ὅ ,1111111111 1, 111. 111 111111. 1, ¹
11, 111. 11, ²⁴·Grmms'61 1115 195. 5,29.0,151
15109171 men 18619019, [1811111118 fi, 198. 14, 180 196 988 967
0601800618,Ἰὸ θ,κί,1ὀ,ιῃ.14,ςω 397 W· ’1,’1471 189.
nepum 10171 m, ⁶, 1,, Q„ 11111, 111, 111 ,1, 111. 11110111 ,

0

 

