IND'EX

11161111114,119 1111111610 1111119, 9096, 1061111116,’167.0,190
mediumque 10, 49 mensemque& 169 909. 19,1.15‚41 1111111110,69
medin· 19, 90 · 1111111111,76.6, 4. 11,Μ11ο’1“ 6, 697. 19, les 1111111111111 9, 956
Μοι1ο10,177 117 ’ mammo! 1111111111 7, 197. 14,
61111117, 199 11111119,9.6,169 4061111161 11, 40 994
manualem 9,66· nemimem . 6111111119,οΞ
1111111111111 1111111116, 16 meruit 6, 919. 7,916.Μ1111111119, 189 919.
1111111111οΜ 11111161,1111111111. 6, 670 0,960 10,116
6111111111 6, 69 mense, 1161111. 14, 109. Μ111111111110,993 1111111111 11, 060
611μ116111111, 191 16,49 1111111111,119 minimam ·
meiere 11³1 mensura 4, 79. 9, 94111111111111110, 117 1111111119,16111. 9,161
Μ1111ς116, 116 10, 90. 11, 96. 14,11111111019,90 111111111118,13
0211011,‘11.8,93 11111 mammae 1111111111,194
104.4,104.6,1991111116,11111.10,101Μ111111 6, 964. 16,11111111111111116, 144
’ 160. 6, 949. 14,11111111111111,41 109 minime-18
¹ 146 1111111116,190 1111111119,71 minimulum
11111111 9, 990. 19, 64 11111111116,600610.19,11111ἰ11111, 11111111. 14,11111111111111116, 940
meliore 9, 09. 14, 65 990 990 1111111116.Ι90
96160 1111111114,904 1111110,106 11111111111111,14 ·
111111111114,919 montibusa, 916 1111111116,957 mmmmm. 16,
11111111 9, 109. 6, 04. mentio 9, 114. 6,·407.1116111111110,946 94. 16, 8
10, 10 916 ’11,161 1111111116,6 111111111111116, 194
11111161, adverb. 9, 66.11111111119,41 11111111 9, 609 minimus 10, 917. 19,
’7, 194. 14, 6. 16,1111111117,66. 14, Ι7511111111111111,4614 119
. 106 996 metum ’1, 910. 19,11111110116,69
1111111111 0, 60 1111111116, 193 90 1111111111 6, 06. 11, 161
meliusque 10, 944. 11, Mentore 0, 104 metuensque 6,164 1111111111 9, 90. 9, 46.
12 1111116, 106 111111111111 14,96 19,14
11111116, 100 11111111114, 149 1111111118,00 11111119,93195 1⁶0
membre 9, 11. 8. 969. 1111111111 6, 169. 14, 1111111110,.919 909. 4, 41. 6, 168.
10,118.11,5.12>, 969 11111111]111’1]1“η.6,616 6,603646.7,99.11,
218. 16, 109 mercatoremque 10, 164 metuque 14, 000 61. 13,160.Ι4,16.1.
1111161111 7, 99 11111111 4, 93 11111119, 190. 14, 170 16, 140
11111611111110,903 1111111614,979 11111111114,101 Ι1111111110, 101
1111111116,“71. 6,671.1111111111111 1, 49. 9, 16. 1116111111ωό, 119 1111111114,61.0,4.19,
” *ms 6, 19. 7, 149 1671116111611116,46 56
1111111111,οῑ 160 , · 111111111116,0110 1111111111,149. 6,144
Memnone 16, 6 mercede· 0, 946 111ζ116, 170 490. 0, we
1111111111 9, 910 11111117, 176 990. 14, migrare 11, 61.16,461111111116,619. 19,40
1111111161119, 119 164 1111ς111117,7 minoribus 9, 146. 14,
1111111111619, 109 mercibus 14. 900 migrasse 0, 169 109
“- 1111111114, 199 merci· 14, 901 11111110,79.10,18967.111111114,96 7,187
11111111111,90 111111111116,.16 11,109. 16, 16 44111111111111111 10,
.61111111111111116,199 1111111111.οῘ Μ1111ο16,996 976
1111111111116399 1111111110, 96 11111110,165.16,10 11111117,917
1111ηά11117,111 1111111116,110 πι111111111,1 1111101, adverb. 9, 71.
1111111110, 174. 16,111111116, 601 111111161116,61 §.1⁵1.6,20951.0.
16 mergat 19,0 1111111117,00»16,969 9,45.16,997.14,
111111111114, 111 mergetur 0, 86 militis 0, 910 140
mendi«- 19, 16. 6, 6491111111111 14,9 1111131111. 19,46 minutal 14, 199
ll, 1111111116, 699 199. 14, 19 974. 16,11111111111 14, 991
mendicum 10, 977 merget 10, 67 40 41 minuti 19, 109
Menoeceus 14, 940 meri 6, 910 minorum 7, 100 ⁴minuto 6, 646. 9, 197
11111111,166.6,110066.111111111 14, 169 11111119,161.9,140. 1⁵, minxit 9, 107 ·
16194909 1111116 9, 94. 3,991. 61.16,96 1111110,190
11111116, 304. 0, 170. 0,114.10,908.16,1111111111114,16.6,60 1111111111111110,197 ·
“ 1619 94 Μ1111119,96 mirabere 1210
11111111,αᾶ111.1,190 merito1ias,251 ι11111119,66 11111611119,73 .

11111119,110.6,699.1111111119,197.9,09.111111111111 6,’ 607. 19,111111611119,90
9,104.19, 911 19,194 110

xunimu-

 

