' ’ 1111111011111. ᾗ

Surrentina 5,ae 111115, 15 · 11115, 123 1111111111 5,1
suscipi, 1,-11 . em 1, 11 11 111111, rs mum, 1³. r. 1¹,er
1111111111 1, 118. 4,11111113, 80 1111111111 5,]00 111112,32 ,
10 1111112, 61 111 1116, 78 111115, 165
suspendit 5, 47 · Orerruit8,4l 11“11,9.2,27 11611,105
suspiret 2, 51 1111112, 14. 8, 81 triu Ι, 54 udum 5, 25
1111111111 2, 0 · refferulj 5, 74 Troiade· 1, 4 vectirii 4, 25

1111111118,61 ,1111111111,82 , 11311811151111111111-
testiculi 1, 105 trutina 1,7 111 1, 37
1111511116, 17 trutinantur 8, 82 ¹ Veientanumque 5, 147
Τ. terrico 6, 2 tuque 2, 25 Velina ὁ, 73
1111114,18’ rua 5, 28 11111, verbum. s, 36,
11111115,120 1111113,103 5,170 ·
TABELLAS5‚81 thur 1,15. 5,1.·15 Ι1111111212 · 11111114,88 ,
rabula 6, 83 Thyestea, 8 tui 6, 80 verrat 1, 155
tacebo 8, 97 1111111111 tulit l, 75 velle-1, 11. 5,,58 1
11111511114,1 Tiberinum 1111115,12. 5,60 vellere, uerbum. ⁴2, 98· ³
1111112,5 1111113, 115 tumebit 5, 60 vellus 2, 115
1111115, 85 tinctum? tumet 2, 14. 5, 188 1111111
11111111 5, 184 81311820 tumidae 5, 11 rene l, 103, 6, 78
7111118611· 111115111814 1111111111,82 11111 2, 55. 3, 01
11111, 19 11111111 1111 111 1, ru. 1, 116 ror
talo 5, 104¹ 7 711111,20 11111 6, 31 vendeure
renger 4, 511 togaque 1, 15 tunicatum 1, 50 renuo 1322
1111118, 107 rogae 5, 15 1111 5. 40 veneno 3, 51,
tingit 1,117 101111 4, 51 rurba 6, 59 111111, verbum. ὃ, 1110
ungitur 3, 4 111115, 87 186 11111114, 7 venerem 5, ,18
1111111111, 60. 6,1981ο111112,7 1111111111,5 “ Veneri 2,711
rectoria 5, 25 1111111111 1111111115, 78 venerit 1, 81
tecum 4, 52. 5, 1211111221· ““ 1181111621 ¹ 1111110861
41 42 torosa 5, 811 1111111111 5, 20 1111111816
temone 5, 70 torquere 8, 51 turgescere 5, 55 11111 11118 ι
temperet5,5l 1111115116 11111111158 111115, 11. 4, Ἰ5 17,
11111ρ1111,11115 111111,99· 1 ⁴ turgidus 3, 28 5, (17. 6,;79
tempora 5, 117 111 2, 47. 5, 124 turpe 1,5 venosus 1, 76 Ι
1111111115, 62 reteque 5, 32 1111111, 28 1 111111,Ρ,11.6“,711
111· 1, 22 totum 1, 49. 6, 611 Tuscum 2, 60 Ι11111113,οΒ
11111 5,18 eorumque 5, 28 1111118, 96 . 111111 3, 27
11151111,65 1111111111 11111871 · 1111115,11
11111118,60.5,158 ‚ 1111111,89. 5, 141.Τγ1111113,85 1111111,1,51’
1111115911 6, 27 ’ verba, P. 11, 1,35, 3,
111115,113 trabeate 3, 29 19 45 82, 4, 45.
11111111,107 · 11111114,1 5, 11128
1111111,35.8,115 1111111158 1 V. · 11115113
1111111113,16 1111111115, 28 · 1111111111 5, 41
1111111 5, 36 111115, 17 VAE5‚50 reri 5, 48 75 105 .
1111111111,98 ,1111111115160 111111, 116 1521111111, 22
1111112, 21 ’ 1111116711 6, 20 11118107,
1111114,23 transcendere 5, 111 11116, 72 verrucosa 1, 77 -
tentemur 11118 «1111011115, 116 111116,8 , versu 1, 21
- 1111111824 1111111115,50 1111811513 1111111111,6538
· 1111115, 77 Χ 1111111111,117 11111115,148.8, 17 111115,137
11111115,25 tremat 6, 711 vapido 5, 117 verrentem 5, 71
1111116,25’ 1111118100 11ρ111111,126 verterit 5, 78 Ι
tepidum 1, 81 1111111111, 21 111115, 77 vertigo 5, 76
1115, 188 1111111113,87 1111111115,189 11111111,5551“180
11111112,16 trepidrl,‘{4 11111,1111111111.5,138 1111111113,7
1111111111 5, 188 trepidare 1,20. 5, 170 11111,151111, 4, 12.1,1811111111119,11
1111111ζ73 , 111ρί1115,85 11112, 59 ’111115,101.6,49 =
111ςοΙ,511.4,24 trepidus,ssss 1111151111 1111111620. ἠγ
’ , 78 M

 

