a '1'

,1NDEx

1111 10, 949 111 5, 991. 4, 10936666166110, 69 1611116116 6, 451
1111,11111.11,11.13, 68. suh& 669. 9786636666 6, 809. 9,161111619,65
,99 1110 996. 15, 10, 914. 18, 14 96 198. 11, 1119. 14,161111116614,109 .
108 74.14,160169.16, 9041660 16166111 6, 999. 1*-
1116, 7, 179. 9, 91 66 6666111999 908
97 197. 10, 1881111111 10, 979 unguesque 1,41 1611619, 119. 7, 16Ἰ
· 947 976 918 964.1116111’7,996 unguibus 8, 130. 19, 10, 97

“ 11, 907. 19, ’10,111116, 66 170 ’ 16166111 1, 86. 6, 1”·“

19, 91. 14, 10661611618,999 116ς1117,181 959 967. 10, 911

167, ’ 61611611616,999 6616181911. 10964 11, 190 166. 15
1111614,91. 8, 84. 19,111116161619, 111Δ 6616618, 1119, 64 190

60. 15. 161 1116116419 vocale 7, 19 161161111611956. 11
1111611611 8, 116 ulmea 11,141 1661111 19, 39 90
111116 6, 671 6161618, 78 1661111111 8, 99 1616611161 11, we
111111 9, 984 6116611111 6, 119 vocandus 4, 1 1161611 15, 1

, 1116168,947.14,193 611111614,90,7,90 1661619816 volumi· 11,1,16

111119, 94. 19, 188 611111111, 147. 9, 99. vocantem 19, 107. 16,1661119, 11
1111611 ms 11,19 111, 118 196 1611111615,167
1111114, 9. 6, 987 11111619, 91. 9, 110. 6,166161614,79. 11, 1761661111 11695
1111611, 191. 19,61 197. B, 41.9,·81.1661111,99 vomit 6, 4191
11116666 14, 69 10, 976. 19, 66. 16, 1111111 14, 977 1611611 1, 195
vitiorum 1,117.14,99 96 ’ 161118,1111.6,196 1611166111,70
-198 11116119, 901 909. 4161116 11,111 1611161661 6, 599

,11111 6, 874 ‚ ⁸ 311.11,116.16,111.1οει1111,66 161110, 99111 984.
. 11116161,149.9,189. 15,90 · voce 9,111. 4, 89. 6, 14,960

6, 419. 8, 140. 14,111116 lm 191. 16, 699. 10, 198. 161111111611116111
109176 19 180. 18, 77 1611616106
1111169, 96 . 611618, 916. 10, 165. 1611619,90. 6, 979. 7,1611114,998
11116 6, 48 14, 961 89. 8, 185. 19, 114161111 19, 97
1111116,60,19,118 6111619108 906· 16166,60
11111114,9 11116111 10, 109 16111644 16166161 5, 18. lc.
vituli 19, 117 61611616616,914 1161661 11, 179 991
1116111661 9,999 11111161 9, 66. 11, 61666117, 119. 8, 997 votum 1, 85. 9, 111.
1111116619, 199 16, 14 1611611118, 961 14, 196
1111161 19, 7 6166611161 9. 60 1111161611,11 votumque 9, 976
111161 3, 99 umbone 9, 16 1611611 6, 191 1611111116 10, 654
11111111,108.1,11 6166119,167 1611110999 ·1611111119,116
11111,11161111,8, 16 1161611,111.11. 4, 6. 6, 1616111 19, 98 1616,196517. 9, 71.
111111 6, 66 67. 19, hh 106 179. 14,1611611 19, 159. 16, 10, 974. 11,111.
118 0. 111 , 1668
1116 9, 998 . 6616161869 1611166411. 8, 194 61616119,111
1116611116,19. 19188 umbram 10. 91 96111618,189 6166 9, 169. 9, 99
11166118,103 umbrarum 8, 65 161116. 9216. 7, 197. 235. 11, 65. 16,
Ἳ18, 84. 11,11 1616111 1, 9. 10, 968 19, 99. 14, 185 96
11116 1161113, 197. 9, umbriferos 10, 191 1616 9, -14, 6, m 616161 1, 111. 9, 167.
118 6111111117,907 7611161668,916 3, 61 193. 6, 397.
11161111110,911 116161111118,91 1161661110,1·,11 · ’1,89169. 8, 116
1116111116, 66 1616166616,76 1611111630 950. 10, 171. 11,
1116119, 136. 6, 9. 7, 66611 11, 191 1611611118,67. 10, 49 119198

· 197. 14, 137 6661611611,40 1611616111,199. 11,111111,110.16,111

viveret 6, 18 6666 10, 66 167 6161 4, 77 161. 6, 989,
1111111119, 189 unctamque 8, 119 16111111 8, 1411 10, 941
111116,608. 8,66 61161119,969 1611611611 16116110,6161661 10, 94. 11,
Υ11111114,1’19 uncum 19946 1911 101. 16, 104
1111161 8,9 undu 9, 944 ¹ · 16116616 19, 88 1116161116, 71
1116111616, 4, 10. 15,1161111,66111. 14, 9811 1611616, 6161111117,909 111611 1, 91. 9, 196. M
69.16,69 66811819 1611161116168, 40. 4, 914. 6,84. 11, 980.
111111,1. 11, 1111161111 11· 16115. 11,111
16, 69 undique 9, 947. 6, 81. 161111, 11 16116 6, 495. urceoli 3, 908. 10,14

6116 16161 666 , 1

111111

1

 

