70011911110111111.

-·’ 5515155115, 19, 57. 18, 5555015853, 81. 8, 1511158118, 989 5511115115 5, 75
-.. 555151115158,377; 1111111111,419 555111119, 5511117,197.8,148
ἑ. 5511158111ῑὸ, 485 55111111114, 190 ”55115511110,19 93811141

f 555115118111 1, 19. 5, 551511154,145 conjectat 6, 189 5511111114, 917

5511118117, 88 consuetudo 7, 51 ·

99 55151551518,49 ’ 55111551, 194. 8, 77. 5511115,11111511, 6, 30.

1 1111511115151 15151155 5511. 511515, 5111515111.
. 1111111151.11,111.1,11111,1ο1 15. 1511 111. 15, 11. 11,

5515555117, 40 55151111114, 991 55151588, 919 97

. 5551515153, 317 551511119, 900 551115118, 954 319 5551115, 5511111, 11,

5551515115 3, 189. 9,551511515117,187 509.10,949 99

3, 194 5515515111, 118. 9, 55551511, 5111111, 8, 85 151111151111, 199
, 5511151111 8,,4. 7, 55. 47. 5, 930 10,551]1111519, 55.1ο,51111111,91’9.11,56
. 15,157 997 15189 359.11,99 5511111111 6, 395 664

⁸ commuue, 177. 19, 5515151119, 30. 5115115118115 573589

J¹ 140.18,7 895 515111511111888155111111115, 574
, 5551515118, 79. 18, 5115188118, 917 1511111115,111551511111551,8’5.15,155

148 5515151111 8, 405 1515 9, 51 consumere 14, 198 ,

’ 5511151191Οο 551511181118, 190 conopeo 6, 80 consumitur 11,47

55151511 6, 79 concurrentium, 19 551518, 849 consumpserit 1, 4

. maenubam 551151115115,59 555115511158,98 5518515159,155
1 5511151118,998 5515111515 18, 898 55111511 8, 870. 19,151115151118,185

5551151111 9,94 5515115158, 99 199. 14, 98 5511115118, 505 1 ·

’,5511155558 817 55551111119, 101 551111119, 49. 8, 398 51511159, 150

5515515151εό, 501 1111111514. 11,19 5511588157,115 cont-0116, 198
compago 3, 904 55111118, 588. 7, 185 5151555111 18, 88 5115115159, 78
5551511118,495.11,55111119,141 55115511 15, 91 5551551519, 99190

·· 151. 11, 55 11111111111511,.11111115111 5151115111,1156.
, 151511 11 ,.15115, 111 ,,11111151151 1151151515.

5518151581515 8, 667 51581117,179 15,75.14,100

“ 5551551111, 80 551111511515,119 15581158, 498 5511111 mee
ἱ, 5551555151110,189 551515511115159,1145518111511,]8.4,18 5111151111558. 5,
’ 5111551151,150 5558115515 9, 31. 7,4 7988. 919410, 109

1515111,11115511115511 511 5111151111, oo '
49 5551115118, 951 959 55589119, 998 5511555155114,48

’ 5155111815975 598 51588515, 1111155111 5511555818, 90

’Ν

, 55515115159,110 1511111117, 4911, 5515 ’ contemptun, 999

5515551117, 95 48 5511555119, 81 551155151518, 941
5551551119, 989. 8, 55511518151117 14855111511118,140 551155118, 54. 15, 88
489. 7,185 5511151111,108 conspectum 10, 990 concentuque 19, 47

’ 55515οηί11119, 10 5511111117, 48 5511551119,101 5111151159,97

55155551518,949 551111115113, 145 5511511111119, 79 5551515513, 914

¹ 55155588118, 19 5511151115, 331585 5511515115 10195 5551111114, 1111 .

555155811114, 953 5518151119, 98 55115 15111114, 54115 5551511519,151
tompu1216, 198850. 55581511551514, 999 55115 1511118, 979 contentum 19 943
9,.40 10, 949 55151110, 905 55115111115157, 119 5551551117, 79. 9, 9.
1111111111, ’111 confer 151111111511111151 1511415, 1511 .
55551513, 910 161 55181115 6, 155.14,555111111151153,170
55511113, 166. 10, 8155151119, 918. 7, 38 958 con1e1116, 994849,
5515585119,115 551151519,51.14,999 5111115118, 99 15515151514, 97
emendaturum conferre 7,908. 10,55511111119,105.13,551151119,1115
concedet 14, 7 909 77 997 5518551118, 49
55155515110,915 conferret 19 99 55111115 14, 17 1151115118, 184. 6,
55111 111 151115.,..1115.111.11...55557..
555518115,19,995 5551151158179 5511151 7, 990 55111115118,918.10,
5555111 8, 909 1518115111 19. 107 constituebat 3, 17 941
555511518ς418 551811110,11.19,58 5118111118,ὣῦ contingendi, 59
55551159,999 5511115518, 098 551911511110, 175 1118155118. 50. 7, 50 .
551151151514,191.1 1511111513,159 Ε511141111’51515,,84 15111551 8, 987 ‘'t''
1 - 5511515

 

