1111111121Ι ’

6111111, 18 “ ιι1.6,16111111·16111106,11 81814, 118. 8,388
1111111111, 88. 8, 89 1111116, 06 μὴ, vm„ 815161, 146

1111111161 14,198 111114, 98. 6, 188. ,,1,,,,,,,111, 191, 8151111111, 111 .
1111111, 118 6, 485 mm„ 1’, 51,’10,81111161,14510129Ι
111166, 110 11111618, 112 991 ’1416111151
11116114,119998 1611116,61.10, 89. mmmmm„ 811111118, 119
1111611,.80.9,8814, 14, 968 ,,,,,,,,,,,,,,’11,·16 91151106, 63

111 11616,169.8, 11 „mmm 9, 111 811116,108
11161115, 18 1111119, 66 ,1,,1ς111ω1,111,1,1.1,811161,89
1161166,954.1,10 11111110, 919 19Ὶ111111,190
116161108011, 10 1611111116, 40 ,,,,,1, 91, 9, 143 8611111110, m
11616161, 981 11111116,193 innuisse, 255 8111161 1, 61
1116161110, 9 11111166, 598 ,1,,,1,,,,1,,1,9 Bebriaci 9, 101
auctoribusss,916· 19, 1611111619, 96 ,1,,1111111111150 01111111651

33 {un 1, 1041 4986119991, 60, 19, ⁴2 Μὴ 541999
,1111166110,964 11, 69 11111160, 169 8611116118, 160
11116118,1818,1091111118, 100.,8 901. .,,,,,1 1’11 =' 8611116111,197
1611611116, 988 15,4 ,,1,9,919,1,1111 8111116111ωὸ, 10
11411511.6,091.1161161,41 861111618611111001

11, 199 11111168,199.5,101. 8111191118. 19111
111111,18. 18,161 6, 519. 9, 118. 11, 8611115, 81
16111111, 169. 16,9. 195 8 811168, 169

10, 99 1611616611,181 6211062'4, 101
1111181616, 644 1611110, 811 8106616511
1606811989 aureum, 199 BAccAss‚ 05 benammi, 166. 11,
audent 9, 9. 5,131.1ιι118,19;4 · 8116816616, 685 189901. 11, 70

6,97. 18, 884 1111118616, 458. 11,81161111111119’,8 bellorumque 16, 95
1116661,Ιῶ 109 81661111, 19 1111611161 1: ., τ,
16111615, 199 16111611105 bacinum 11,10, 150 11,
1111161114, 41 1111110915 8166169140 196.19,104
1111118,165 turo 6, 904. 7, 89. 8611611119149 81116616,163
nudet 1111110οό. 10,91.11,116 81111111 19,00 · 811119, 107. 5,ἕ1’.
’ 10, 40.1’,5 14 1616111610,9 1111116168,11,111191 s, 116,
nudi 0, 115. 6, 1151616161, 10 90. 8, 8111111, 49 19, 19

919. 11, 64. 19, 85. 5, 89 161.6,8111111ο,14 · 1116111606ἰέ, 45

94 · 481 508. 1, 948. 8111111611 18988 8611116110,801.1·.’,
11161111,166.11,169 19,199.14,998 8116111,118.6,8’11 64. 14, 34
16111619, 108. 14, 900 1611111661, 90 410.1,181 118 81111 1111161
1110169845. 11801 111116,111 988. 11, 156904 8111616146, 165
1111111113, ’14 1111111, 900 balneolum, 4 81111165, 88
1611118118 111118, 985 811119,119 ’ 816,111ω,11,161
161116,100. 1,198.1111 10, 886 81116616955. 16, 48 8181111, ’293

9198191511 1111111 59.5,100 8111119, 99 81815180
1110111 11, 119. 1151111116, 516 811811, 96. 10, 996 8181811115, 86
“ 909 1111111119, 69 81181, 65111. 8,166. 9, 81818119, 117
audituram& Austro 14, 968 1. 16, 81 8181111 1911
1111111111 1, 86 1111111 1, 1996 ,314 8118115, 866 1118161111 1, 50
111111 8, 903 11, 61 1111811118, 106. 6, 914. 8181616116, ’ 91
1111111, 89 1611,1411116114’1611511816 818115, 88
1111111618,Βὸ 9, 5991118. 8, 90 81181113, 66. 15, 46 8111116119,190
1110615415 5111110191 511 199 8118111116, 151. ,10, 818111, 101911,
11111611,181 995 511. 7, 983 511. 188 181 181.10,950
11611109 0, 14511216 bu 81181164,108.,6 16. 81811616, 808
1611161185 11955411, 116. 13 66 Bibulas, 141
1691118189 16111118,999. 6.180.811811611419 5156619110 2¹3
161618, 11. 6, 584 1. 911. 9119 19, 8110116111, 61111 8111111·81(16111118,’2911
8119111116, 1111 991 814.11,80.6ι1110,18 · b1gammlo59
5696111 ablat. 10, 98 18, 90 196.11,81161ι118,116 1111110149,
1119611689 08,8·6.1111111’1,91 ’ bilem ῥ,159,6 139,
Augustum. τι 1666161111 8016161940 11,111. 1⁵, 11

1111111

 

