VOCABULORUM.

5164, 100. 6, 857. 6861116, 566 1111111111 1111611115, 151
7, 187. 5,142.14, 61111161,12 61111 5, 284. 15, 85 1111111616,510
22. 16, 24 6116116,181 1161111610,118 1111116619,10
’ 5161 5, 15. 6, 640 effice 14 523 1161111617, 19.10,111111617,14.10,95.
64114896 effigiem 1, 131. 11, 114 14,526
51115,172 106 Ε11111161115,22 11110611167, 15
5111112,11 effigiemque 6, 509 elusu211,9 6111111116, 278
5166111166, 289 , 66116189 22 227. eluviem 5, 52 1111011114,52.6,624.
11111116, 578 15,119.15,4 6111115,98 8, 8
¹ 5111162, 69 6865111658 61111116, 151 1111611, 20. 7, 67 .
5116110254 6511156165, 977. 6, 6166 14, 252 . 11111615, 58
51119, 28. 11,151 159 χ 6111611561 14, 67 11111111,105
51116131,1“1.’1.8,189 6216561612,53 6111611511 1,194. 9, 66 1166116, 506
5111113 ,152 6111116111 15 67 emere 4, 47 11111114,1,28
511163,245 11115118, 205 emeret 7, 76 11111111111,149
duroque 5,170 681111110611, 204 1116111115,164 erectum11,89
1111616102 effug 16114, 157 66111114, 7 11111616,525
51111116, 98576 681ξ119,150, 10, 78 1111111116, 497 1161111611,114
51116111111190 6176115114,45.14,250161611116,212.11, 56116111 1, 94. 10, 159.
51114,145 6816511116,189 611114, 26 12, 01
511611115,25 61111516,16’5 ,6111111117, 128 111116, 585
4111111,85 111117,229 1111112, 41 ergastula 6, 150. 8,
, 61611115, 147 1111112, 6. 4, 1522 180, 14, 24
egenti 14, 157 emittere 15, 67 6111111206
’ 6116111696 1611616181ὀό 811111111ιῆ115, 120
Ε 6110662.15,97.61161161611118,22.16,Εῐί111111116,654
14, 288 55 11711118,9.1
61111117,125 emptor 12 47 1111111115, 258
Ε18,1115111,3,274 6111117122 emptorque 8,17 11111111118109
6115611114, 115 6111161117 ⁴ 6111116111,145 1111111110,127,15, 161
6116, 520 egreg 1111114, 256 empturum, 155 411116, 101
· 61161614, 508 111611111017 emptus 6, 60 6116161115,165
65611111,Ιὸ2 , 6116111 10, 296 1111111611εό, 146 111616115,188
6161116299 6116116110, 95 ,1611611111, 16 6161151114,15 ,
61111111 5, 278. 15, 24611611111117, 55. 15, 1112, 72.,6 550. 9, 50 ε17011110, 4
1111118,108.11,1.25 64, 14, 115 8116611517, 215 6115111110,526
12, 112 6116111118, 28, 12, 41 66516615116, 245 11116119,154
6511111115,159 611611111111111111111111, 66516111511115, 105 51111ῃί17168
11111111 1113 11, 111 1311111111 10:313 11611111. 46
6666 2, 1294, 1.. 5, 1116111111,184 1116116111111112 5111111615, 71. 5, 78.
166. 6, 510. 8,1116016,654 111161, 165 11, 51 ·
1611111 1111111101 1111151116, 116 111111111,11.1 7.
66111114,148 61661115,16 66111613,2ο11.1ο,11.1891114127
Echion 6, 76 6161111111 15, 242 , 14, 8 1111117, 87
6111111, 11117,11111111,1111111111,;1ο 6115611112, 164 ¹ 1161111118, 111. 16, 4
21.14,517 “ 1111111611,94.12,16 ephebum 10, 506 Ε1111611115,164
1561111116. 5, 74296 6111116452 6116611115116,578 etti 1,115.7,194.
15611514,159 61111111 14, 280 Epicure 14, 519 12, ,110
656167,156.10,261 Electran, 218 8116111615, 192 111561612,85
ederet 9, 128 1166116 14, 507 epimenia 7, 120 Evmdrum 11, 61
ediscerem, 194 116161 1, 4 6111116511 8, 66 ,evaserit 19, 122
«1116111114, 101 1161661111 11, 14. 14, 6111116114,149. 16,'1l¹ 611111 12, 18
15115,147148.15, 125 16,5 1168116 12, 105 ,
8088 elementi· 14, 17 epotaque 10, 177 11151 9, 65
651114, 141 elemento 16, 86 epulas 4, 28.’ 11, 88 evehit 1, 38
educat 16, 70 6166611616,458 6111116175 6161111111,196
6516116, 468 , elephanti 19, 102 , 1111111115,229 61611110, 266
6511115,86 616161616110,150 , 61116625 11610111,101
eduxit 10, 256 61166161 7, 212 6111111618,108 61611111 9, 258

ἦφίλχξημρι 37 6111610329 ο1111618,258 61611661151112,31
61111411

 

