10011010100.

1111οω11016, 48 1110606116,179 1101 11811016, 669 1111111111 10, 174
1010001160114,908 1106011116, 586 11101η111116, 669 1111111111 6, 101 , .
01100116, 49. 8, 946 1106006110,346 1110111119, 71 1111111141
10100101.,14 818’1111061119,149.6,66 1111111016, 46 1100016,169171
10100111,148 1106010186 1101111, 91. 4, 119,1111111111,46
11010101016,119.7,79.1110611 6, 147. 10, 6, 967. 7, 97 198.111111110114,991996
9,199 970 19, 110. 16, 179. 11011116, 944. 8,.601.
,01012 0, 01 1111111 11, 111 11, 101 1, 111 ·
1010116,198. 6,678111010111111896 1101111011 11, 44 110611, 43. 8690 .
698 11Ι 60 1101060116110, 44 11001118, 66. 6, 690.11111011005,160
1011111006148 11010001116, 58 8, 9911910, 149.1111101119,107
101000114818111000111116,108 16, 136 11011118, 66. 11, 16
1011110114, 91 Μ111111146997 1100018017, 918 1111109, 184. 4,96. 6,
11011011, 11 11101. 10 101 110 10101111οο 11,,011 11, 114
10618, 06101 1, 98. 6,1 1110001110 16, 19,, 14, 910018101114, 88 1111101116, 914 ·
819.10,967’ 189. 16, 107 ’11,1101101101010 99 1111106016,166
10111119,75,16,1491110001110101117,909 1101101106, 6 1111101116, 478. 7, 96
1061119, 74. 6,191.1110011110117, 930 1110101116,967,14,99 119. 9,98 18,106.
6, 968. 9, 141. ,16,11100111114, 16 1110101111, 149 14, 981

49 11001111101’16,78 1110110106, 699 , 91111116, 614
1061011, 69. 18, 89 1100111111019, 88 11101111161011, 909 91111109, 96 ’
1061017 96 110011111110, 66 110100110111,111 1111111 3, 96. 6, 997

..011111οσ, 111 11111 11101, 111. 0110111110, 111 101 100101. ’,1 01
1061014, 77. 9, 59 186 111010116011, 69 968. 9, 81. 10, ⁹28.
..0.0, 11. 10, 1011100100, 010. 10001101.. 11, 114 11, 0101. 11, 1100
97. 19, 91 86 1101111117, 9619, 66 4111111111, ablat. 6, 906. 8, =

1011080111 Ι4 169 1110010111 1, 149. 4,110611101118, 989 166.10,196.11,
10110111 ,981. 14 911 149 1101116116,.986 9,14 184

101101,90 1001111010 1101101116, 97 088 11110101 0016, 69
0111101110996.191100101859.7,1091101111110011515 1111111116,16’8

199 9,119 1101110111118, 18 primo 1, 96. 9, 186.
10166001,108 1111111111 16 990 1101111116, 168. 6, 961. 4, 149. 5, 19. 16,
10164016,141 11100110 0016 661 8, 170. 9, 7. 11, 994
1001111111,140,0,0011001.1.0010 116.16,16’0 111001160116, 40
106016, 79. 9,104110011116,49.10,9711011116,166.19,86.111111016,94,7,196, ,
1011110117, 18. 8,7 1110011108, 61 18, 99 10,961,18,146
³⁰st 1100 9, 69 8, 1100111006 917 1110111101 16 49 1111110016, 676 -
947 pancos, 468 ’ 11011101 11, 67 1110111111, 01109, 444,
1111101110, 11910161100111190 0101111110,110.1,100 011οη1 1’11, 1,
1011161116, 69’ 1100000016, 96 1110110,11016.14,919 68. 14, 86. 16, ’1 4
1091001011, 91 1100000166 praetereamus, ,976 1111111014, 76. 8, 61
1011111117, 946 1100011118,167 110111111 14, 914 974 10, 968
10100109, 86. 11, 76 1100016111, 167, 6110111116, 607 1111010114,69,13,188 , ’
1011111 16,60941 690. 18, 181. 14, 66 1110111111 10 965 1111101108,198 ·
0101111006, 668 1106114, 89 110101111085 11100111016, 148
10110806,9 11011001 14, 86 1,1111011111110 99 Ρ11111111116, 616. 8, 994.
1011109, 116 111-0111011100 4, 58 110111101019, 170 10, ’16 96 641
nmmo praedmmll‚lol 110101111011110808 11110111100,944
1011111 6, 69 11011119, 54 11011110001, 78 1111011,1021118,81
10111111,69.14,69 predives 14, 605 91101016, 198916. 11, 160944. 8, 166
10100110 7, 900. 10,110111111110, 16 196 1110119, 91

66 11108011,193 9101011111 10 66 1110101111, 161. 6, 664
1011111101 10608 1111100114, 78 91010111,101. 16,10111110111114,109
1111111114,71. 10, 1001101001017, 99 1110101111, 75. 10, 161 11111116 114

101106, 696 praefecturam 9101066016, 379 1111111114, 66
1011010110.πο 1110111116,117,8,831’10101118,194, 13,4.111111019,107
10111111,19.4,160.169919.19,49 14, 967 1111111111,16. 18, 41
6,699488.’7,10111011111111,199 1101111116,111 Pristi g,11oquefi 168 “
118181.16,11’6 1108010810 9, 66. 6,111111111100101117,198 1111110006091·

00111116,101.6, 89 4911 1110101018,10 111111οἔ1, 91168. 14, 146 “

G 39 v 1110110110

 

