INDEX

1110010105,5ο ι ,1111114 piper 3, ’151 5, 55110110ῐί01 5, ’19
pandere 4, 36 ’ ’11110111 5, 110 136. 6, 91 1101116106,15
pannosam 4, 32 11111010 1,81 pipere 6, :39 109110 1, 69
1011110110 4, 91 111111011115,115 , 1100011,1’.1 1011110108, 90.5,011.
1112 5, 79 pellis Β, 95 pituita 2, 57 6,1038
1111111013, 11 penam 9, 45 plantaria 4, 39 1010100 1, 66
1²³¹ Γ). 6 pendas 1, 30 “ 1111111010 1, 11 1010 1, 56
paratum 1, 90 penam s, 12 1100100111101 4“, 31 1101001, 16
10101011,139.6,56 Ρρῃ1ρῃςδ,4ο 1110011110 6, ’17 1101101990
Ρ11015, 18 11111101 4, 48 plebecuh 4, 6 potir rr 4, 13
911110 5, 158 penemque 4, 35 plebei& 3, 119 11011111 3, 16
10τί111, 16 - ' penus, 71 11000111005,18 praebemm4,42
1111101 5, 43 1111111111 5, 31 plorabile 1, 51 praeber 9, 98
marram perages 5, 139 1101111111,91.5,168 11000100111β1·
10119, 5. 5, 93 160 peragit 5, 92 pluteum 1, 106, praecipiter 3, 49
parre 3. 19 1111111111, 5, 91 pocula 1, 30 1111001101 9, 68
1101111 5, 4 1111111, 5, 150 po'e'rnrrr 1, 31 1110010001, 10
parrum 5, 190 11511111 s, 35 , 101110, Ρ. 3. 1, ’15 precordia 1, 111. 5, 99
1111195 32 44 perditur 1, 93 1⁰³¹ae ¹· 35 98 Pfflfi! 42 95
101100 3, 61 muci, 2, 55 10110, Ρ. 13 pradictum 5, 188
11110 3, 55 “ 10110015,150 1061110813 11011001, 13
1110110 3, 96. 1, 17 perge 3, 97 polenta 3, 55 pregrandi 1, 97 195
111013, 35 17. 6, 58 1011011113 ’, 110111015,116 praelargurl,14
101000 6, 66 pericula l, 83. 5, 135 11011100 5,10. 6,5 11010101 6, 11
paterni 1, 163 11111110 5, 105 Polydarmr 1,1ι 1101011010 9, 18
10000531 perita 1, 31 ροιο1011,3 110110110076
10111109, 19. 6, 91 1011111111 5,55 1001101590 1Ν30,08015.6,56
“ 1911311111. 18 110ῐωί110105 91 11011991 107 119191119151159
paramo 1.... 0,11’ 100..1101000110000111
1111110970 1111011111, 5, 102 0111160019, 69 1101011005, 111
11111011 5, 161 penus, 1,95 , . Ρο11105, 131 1100105,οε
10111010 6, ’13 per 3, 69 110111 6, 74 110110111υωῖ, 54
patricius 1,111 1101111110 2, 45 popello 4, 15. 6, 50 prarulerrnr 1, 5
1011001116, 53 1101115149 populi 1, 19 63. 3111010013, 85
1111019,10.6,51ι 1111111551 119.4,1 1111111111 1, 61 131. 5,
1111001 1,11 1010101111,133 populo 1,15.4,3650. 18
1111101136 ’ 1011111111 1, 19 ’ 5, 118 1110009, 3
. parido 5³0 prxufquel,l6 populuml, 116. 3,8011001115,11
Ρ111109, 113 1151101113,50 “ 80 Ρῐεῐη111115,39
11010111 11, 119. 6, 49 Ρὴ111151.1,,31, 101011,19 11006116, 98
pavone 6, 11 pin„ Ρ, 15 10111013,105 1110110 5, 109
100000,1,119 1100111001), 9 1011011005,189 prima 3,16
peccat 9, 68 bis · pico 5, 148 101101 1, 90 11110015,49
peccent 6, 36 picra 5, 25 portrcur 3, 51 primordiae, 3
pecori 6, 13 . 11011101 1, 89 1011011169 1111110111 5, 30
Ρο1“1154,87 · Ρ1ς11116,52 1101086 9, 15 primm 1), 156
, 1001111069 1111015139 11010015,169 111016, 61
pectore 9, 53. S, 10111101,εο 1010011101 3, 61- 11110 5, 108
5, 91 111 144 11110, ,1, 5 . poscere 5,1 pronihilo 1, 30
1100101911. 3,ae 1111111113 11010119, 8 11. 3, 18.11050,0001011.1,19 1
, 1000011039 1111111115, 53 6, 61 1100001659
10001111 3, 109 pingue 3, 39 poscit 1, 198 1100010019, 5
100019, 111, 3, 6 pinguem 5, 131 10111103, 10 prodirem, P. 3
101101,13.1,19 1101000517 10111010 011 3, 111 1101100116,19
10101 5, 108 pingui ι,91ς, 2, 52 110110 1, 83. 3, 61 1110100101ρτ
peribus 011 1 1010110010 1001011,15 , ’ hagnam
11110 1. 111 pinguiore, 11, 1101111115, 118 proh 9, 59
1101100 1, 85 · 11010111, 51 1108115, 111 prohibet 6, 51
Pegaseium, P. 111 110111 1, 58 1109119,-79 1110101,1’Ι l
1110111101 6, 15 post 1, 131· premitteres, 65
prompt}
1

 

