INDEX

16661111, 168. 6, 888. 1661111110. 840 Egae 118, 81848 61115, 61. 8, 88. 1,
8 819 10, 86 1111111116, w 11619888ηὰ 8. 18, 98. 8, 171.18, R
aeq 6116116118, 888 166111661115,.69 7 ,65 188 26166,494.14,161

. acquirendi 14, 186 1666161114, 811 8816116917 16,109

aquirere 14, 868 1666116619111 1566, 579 6116166668, 88. 988
,16169109 . 1661161111. 81 ει11,11118 95 61116ρί16, 698
1616119165 .’161611161118,885.18,η119,16..10,881.Ε1111666610, 160
1611 18, 816 881 19184, ε114,98’

1111111111 18, 888 ι1611161110149 1111119 6919894 6668841616.-
1611617,109.16,68 16616116,666 496 111161, 68918 18, 69 16 88
111161... :133133646 11111111.. ' 8818 2¹1¹..
161ιῖ1 1, 161 6166661, 111. 11, 1611611956 16116 11, 11
86161118, 100 18 1691111611, 190 1916111 10, 809
16161661 9, 84 1666161 10, 389 161 19846116 1866111161 18 10
16111166,68. 10, 166. 1161161119145 AEn 6, 78 1916169161

14, 149 16611 6, 41 6611116611, 8 16661616,818.16,160
16118, 919111 16611661 18, 148 18611167,188 18111118, 198 ”
166666 4, 108 adeunt 14, 91 amilium 1611116111 18, 66
..61111 s 66111, 166. 6,.111. 1661, 191 asem, 64'
1661616,41 15,8 6166111974 66619141
, ..1 1, 11 111116.1ο..6..16,11 11661111 · 6661611

1ο111116.11111614,39 1666166 16616, 661, 1, 216.
1116661696 161161 9,4o 516116, 188 9, 91. 14,st
16161116,165 1616611,108 8, 60 1811116, 816
166111, 118187 adsunt 11, 11 Εο1111,18“611615,81
166618, 46 1616616 9, 88 86116 10, 81111 1166117, 85
1661 quod 18,118.161161618,88111,111471.8,177 1166161118, 988. 18, 88

1141 1166616111 ῳ116,111 6616116
1611111988 1616181 10, 189. 18, 6116166114 818 11616118, 68
166116110,161 8819158 1166116916 :fin 10188
166611 18, 87 1611111161 5, 77 oeqw614, 857 161616, 80
{deo 8, 814. 8, 60. 8, 1111611116 19811 61111988. 8, 888 6111111, 188 κ

168.10,891.11,166116618,86 11661911 11661,111,11,111

191. 18, 88. 19, 69 1611111614, 116 ὓς11611. 81 611116, 1⁵2

189. 18, 898 1116111615,188 1166111978188798116111111 91311161,
866666, 59 16611611, 78. 8, 89.,8 1111116114, 68. 8, 81 Μ111161616
1161119111 15,,119116111116166116 11661, 11. 1, 166
1116119107. 5, 68. 6, 408566. 8, 144. 96666116, 66 116679, 61
’ 819. 10,24412,67⁸ 80.10.311618 181998. 18, 48 811616666118, 886
1111166916 1661161114, 85 18118,806.18,188 Mammida&
16116618,186 1661111166 11, 116 161610, 50 81161611
1661169111 816. 4,16166116,885 en 6, 185 841. ’,7 1116999908

10. 6, 188199 981 1111111118, 885 8191956 1311 8, 71. 8, 991.

501. 7, 196. 8, 96. 11111113, 806 em! 14 859 414.ss, 76

10,116.18,15.18,16161618,ᾒο 111 8, 118 158. 6, 1111161191ὶό
, 81. 15, 86 6116611, 10 898545 9188 11, 1111111988 9994

..11,..66616 11116161, 11 11

.11..,.1111 4666, 161, 111. 661111 11616611
1616618389 14, 90 ari· 7, 61 23614. 198
1611611118 48 16618, 8884, 1.·1, 111631611961 . 1 ς6ζ61199
1616166664, 89 40. 10, 11 (erumnas. 810 2306447, 148148
1461661111 18. 58 66166119111 mummulo. 861 1321106,67.8,199
16616661166610, 11 161811111986815, 6811161987 ogands 16 49
1116111117, 81 159 1611111 14¹, 161 ngendin 14, 79
1616161166, 686 66186116, 608 61111116 1, 88. 18, agentem 18, 88

· 1661111111 10, 856 66186116 14, 86 196 ager 9, 66

16611116, 888 1911111616 9.168 1791111611 8,60.10,“189111119,48

,mmmm 11111616, 108 111166 91119, 108 · 1166114149Ιμὶέιὶιῃπ

 

