. 10111011111.

Minu. m· ς 19, 54 1111111149, 19 1111111 14,98
1111111111 14 11111111-,9 115 1111111116, 49 111111111111, 71
1111111115,104.16,16011111111349.4,8.7,16911111119,190. 6,9981111111181’16.6,664.
8111161617( 40 Μ1111161111118,199 981 990 409 508 9,98.11,16.18,8
1111111114,154 1111111147, 169 610651 11111111 1116, 611
1111111116, 818· 11111111111119, 168 11111118, 91. 6,101,411111111111,6.9 8,110.
1111111111118, 88 1111111116, 400 480. 899466. 7,96. 11, 6499494411 496
11111111 9, 98 19, 74 901 1111111110, 819
1111116479 1111111111, 99 1111111111, 79. 9, 1881111111116, 967
madidamque 3,11 1 0111111116. 699. 18 ,186 9, 96 1111111116, 868 14, 88
φώὼιό, 101 7, 1641111116, 911 1111111111,191. 6,1001111111111111, 88
111111111110199 mancipiorum, 119 148616 , 1111111116169. 19, 7
11111111 10,178. 16,47111111,11111111, 171 1111111116,910481474.111111111119, 99
11111οο13,100- 111111111110 ’ 7,.169 10, 818 1111111Ιί114,108. 6, 699
1111111119, 51 mandaret 10 68 6111111111, 49. 8, 190 11111110, 99
111111111111110, 996 1111111118, 4’6 . 1111111111, 19. 8, 90 Μ111116 807. 10 ,994,
1111111111110,1’91- 1111111116, 868 915. 9,104 19, 4
0111111111,Μ11111111,11111111111114, 996 1111111111 8, 906. 14, 6111111116, 806
Meuanas · 11111118, 91 - 96 1111111,11.6,110.11, ’
601111116816 1111118987 1111111111,111.1,115 .
1111116 11 ...11, 1111111, 1 1111111111, 111. 11,
manvja 1111111119, 30. 8, 99 1111111107, 60 195 . ·
1111511116, 5 1111161114, 810 1111111111ωῆῦὸ 1111111111111.
1111511116, 609 ·11111111114, 96. 9, 79 111111111118, 116 1111111111 ⁴
1111510119, 77114. 4011111111.. 9,.14911111116116,499.14,1111111116, 66 99. 6,
ι 46. 19, 79 16106 90 154. 8, 119. 10, 94.
1115111116, 860. 18, 99111116111119, 164 Μ111111116, 4811 19, 69. 14, 47 .
1111516116,199.7,91911111116,108.11,.19.Μ111117,997 1111111118,910.7,198
1111510110,41.14,1119 18, 177 Μ1111111111,178 6111111117, 94
1115110117,164.’9,8.11111151111111, 147 11111118, 811 Μ11111111111, 66
11, 111 mmmm, as 1, 1111111111, 111 1111111111011
11111112416 ..11111 1 111111,
Μ1116111,119.1,1741111111111964.14,186Μ11111114180 10,166.11,119.
11, 111 Μ1111116, 949 61111119, 9 · 14, 190 · -
1111116991.10,145.11111111111090 Μ111110,5 11111115, 100. 7, 999
14,916.15,149 111111,1,1110 168 Μ111111119, 81 , 1111111119,144. 6, 64
ω11,111]1,,ο11111,11111010,100 Μ111111, 8. 9, 101. 109. 6, 46
’14 111111111111111, 104 10, 68814. 13, 79 1111111118919. 11,
. ...11411111111111111111101.11,11111011,11ο 119
1111101111,11 11110611111,188 Masta, 111111. .propr. 1,8611111114, 188
m112,adJec1 18, 109.11111111111,15. 0,646 1101110110 111111111114, 914
. 14, 996 1111111111ὲό, 669 11111118, 919. 6, 16611161111111616, 684668
1111111,116.1,.,.19101111111,111’.1,111, 98610, 196 989111111111111111416, 471
10, 86 989. ’1 ,.941 10, 190. 990 11111111111119,96
111111,1“.1.11111116,118 16, 54 1111111111,188. 14,Medicifi‚46 ’
1111111111.1,11.9,111,1,111,11 17 1111111116,869868.19,
190114, 990 1111111111, 191 1111111111,161 194
111111 511110, 111 Μ111111119, 146 111111111110, 47 Μ111119,18.16, 18
11111111 4, 96 1111111,54. 995. 8,66.11111111111111117, 91 Μ11111118, 77
11111116, 886. 10,191. 691. 6, 94989. 10, 1111101118147 11111118, 80. 6, 801
14, 808 . 176.19,69.1,8 69111011161180 11111111116,108
mammen-121 156.14,976.16,16111111111111496 11111ο1,03.1,141.
. 11111,11111111,6,115111151111,1.1,19.Μι111111111111111 9,106.10,87.19,77.
166.,.896910,194. 4,80 Μ116111111111116, 661 13,10.14,.,1991686
14, 168 11111114, 88 Μ111117,181.11, 94 11111111118118
11116111110,98.18,111111111111,84.9,89 6111611111, 99 11111011 811111 115

18886 ’ 1111111118, 988 11111117, 196. 9, 61 11111111116,681.18,7 ,

11111116, 70 1111111114, 989 1111111116, 179. 7,146.1111111111ι11116, 588
41111111, 1111111. §,109 1111111114, 989 11, 119 11111111117,198

1111111,]11111111.11.1,[1.11111118916 mim

 

