vocrssunouuu.

6111111115,95. 6,er 61111116, 94 petasuncuiur'i,119 91109151
61111166,191 , 61111111118968. 8,611111, 169 611113,66.14,3111
6161111980. 6,101 949. 11, 16. 12,Petruro 14,965 pit-1³6, 481. 10, 56.
pennis 14,'16 89. 14, 314 61116119, 114 15, 198

pense 19, 65 Α 6111111111ῑὸ, 194 petente 6, 514 6111118, 151
pensiliburl, 159 periit 4, 153. 6, 415. petere 15, 150 6111111916
6111611963 10, 11 611111, 194 6111611119,9Β .
61111111 5,19 perimit 1, 151 petimur 10, 359 pictosque 6, 9

peperit 3, 993. 6, 699 perit 3, 960. 6, 569. petit 1, 191 199. 5,611111116, 339
6116116139. 19, 81 oar. 11,190 106. 6, 584.’1,991)111111,8
6111111954 perit, prees. 6, 994. 938. 8,51. 19, 80 Pierides 4, 36
peracti, 1161111. 6, 484 10, 118 61111119, 1114 Pierio 1, 69

peracti 10,6 periruraer, 16. 6, 434petitee 6, 596. 9,149 616111919

pereotir 13, 988 perituram 11, 11 petitis 14, 69 piget 14, 199

peracto 19, 86 perituri 6, 44 petitor 6, 6119 pignerat 1, 19
6111116161115, 93 peritur011,101r 61111115, 50 pignoribur9,141 ’
6163116199 perituror 10, 81 6111111110,110. 11,616111116,91
61116111116119138 partusuris. 8, 586 141 6161191318 ”
peragentiburil,114 perjuriis, 114 . Petosyrir6.680 pigri 5, 99

percurrero 10,995 611111ῐί1689. 14,9186111111111 3, 918. 6611111634
6111611119, 30 perlege 14, 199 996. 19,5 piselo, 94

percuffit 15, 66 perlucente 11, 19 petunt 9,11 611119, 16

percusso 14,⁴286 perluees 9, 16 petuntur 10,8 51 pilosas 11, 191
percussore 8, 119 permissum 8,114 peri 11, 160 616611611991
percussum l, 54. 3,6111111111114,934 Ρ1111111115,93 61161114, 910

911. 19, 911. 15,‘21perrrrirter10¹‚ 341 Phaeacum 5,151 pingues 4, 44. 9,98
percura· 1, 111. 1, 1116161116111 11111111111111118· pinguia 1, err. 1, rur
percutit ll, 196 permutatque 6, 994 6111116119, 46 519
61111116,901 permutatio 6, 659 1111111611 pinguior 19. 11
6111111111,93.8,849161111111111110,54 91111116, 589 , 61161115, 105. 8,141
perdidit 3, 909. lopernocranttsu, 46 phalerir11,103.16‚ 60 pinguiffirrrur,11,66

986, 19, 76, 14, 961 pernox 8, 10 6111161119, 108 · 61111113,118
perditas, 13 Perone14, 186 . pharetramque 19, 80 611111,σό111.4,149
perditus 6, 130. &peruramur 6611111116,191 1111111613,158

919. 14, 969 6116116119,911 Ρ1111111611113,85 6111111119,Ξῦ5
pereat 4, 66. 1, 111611611111111,161 9111110116, 03. 19, 16 611111139ὓῖ

999 996 ’ 6116111113, 65 ‘ 61111111 15, 191 piperisque 14, 999
peregerit 5,91 , perpetui> 11131115 6111111118,Θό 6111111118, 94 ι’
peregi 6, 639 perpetuum 7, 908 61111111 5, 39 Pisaeae 13, 91
peregit 19,910 perpetuur5,161 1111111169ὃὸ 6161111496 “ ¹
6111611614, 191. 8,Persroe14, 398 111116111111118,108 ’6111111114 60. 6, 06

995. 14,]81 pericolum Ρ1111166113,195 96, 16,?
peregrinor 6, 991 Persicus 3, 991 Philippico 10, 195 pisci 4, 19 ,
6161111610339 persone 5, 96. 4, 15 Philomela'1,92 6111161113, 66 ¹
pereuntem 6, 361 personaefi, 116 philtra 6,610 111114,96. ’11,’36 ·
6611661116111υ19ῥ 6111ο1111116,111.6,9991111111111,969 11105,109 1 1· ”1
61111η16,96ο pertulit 6, 91 391. 8, Plroenicopterur 11, 139 Pittacon 9,6· · .
perfide 9, 89 909 Pholo 19, 45 placebo 19, 89
6116111613, 94 pertunde 1, 96 6111116114,116’ plecentp,86 Ἴ
6116611113,945 pertun‹iite6,46 1111ῖεί16515 pircees 0,161’
persrixit 1, 194 61111115, 191 Phrygiaque 14, 301 placeat 10, 49 388
perfundit 6, 86 61111111115,69. 9, 18 91116615111336. 19,13611εε111111 11, 59
pertusa 6, 969. 116111111980 Phrygio 9,111 piocrr6,216 »-

149. 14,611” pervigilare, 158 1111116181. 11,141 6111113, 13961118
6116111114,199 pervigilique 15,t³ phthisss 13, 95 ’ 38 1116. 8,158
pergere 10,161 61110111 1, 60 611 13, 116 . §perdi 1, 91
pergit 16,40 611161116391 6111111119,190 6111111111 16, 49 .
6116111111,197 6111161911 6111111161 19, 51 6111111111,1110. i, 119.
6611111161 1, 11 posituri 9, 190 Picenis 11,·11 16, 53
Peribomius 9,16 611114, 84 . 9111111665 Ρ116111111114,19 ·

og ,ru

 

