⁸ vocnuuuouuu. ¹

1111116116111 · 11161114,138 61111110,161.15,66 queam-251 , Ι
11111111119,68 - 1611611181δῦ 6111116,161..16,1 queat 1, 89. 6, 49.
11111116,611.16,8 1116111116ώῶ qualiacunque 6, 646. 10,369.16,1 ·
1111111 6, 441 · 8161111111 13, 168 16, 49 quemcumque 14, 810
1111118,130.3,869 Ργ11111116,86 6111161114,803 6111161118, 36 ’
1111116,198 Pylius 10,846 61111189.4,111.5,6111111.11,11
11111161 3, 300 Pyrenaeum 10,161 84. 1, 68. 10, 161611111611111 10, 96. 18,
1111111111 16,9 Pyrrham 119186.11.9499 180.13,849 'A
1111111168, 8111111111. 16,30 qualisque 10, 363 quemque 3, 860 Ι, f'·
1111161114,111 Ρ1111111114,168 quaudoque 8, 89. 6,61111111113,15 ,⁴ ,
1.... 1, ia. ιο, 11. ,1....1111 111 ,1111111117

11, 198 . 1111161116113 quandoquidem 8, 118.611111116,386 ,Ἰ
111111116,131 Ρ]11116111113,889 10, 14613, 1896111111114, 184
111111111151, Ργ1111113,199 14,61 6111111116,61 .
1111·118,61 pytismate 11, 113 61111111,91 140. 6,611111113,136 ι
11111118,16.9,96 pyxide 8, 141. 13,86 861.8,98119 611111111619
Punice 14, 161 ,¹ 6111111, abicit. 1¹ 46. 4, quereias 9, 94

11111118, 836. 13, 101. 6. 13, 16 6111111118,84

16,13 611111116111, 61 611111118,131.16,11
1111116491 0, 6111111111,11 queritur 6, 36 · Δ
11111111 1,41. 6, 688 1 quenti 3, 886. 6, 364 6116116111 3, suu 16,
1161111110,883 » , 686.1,4611611’1. 15

11ρί11111 16, 136 Qunnnn 6,8 8,198 quiequam 8, 838. 10,,
1111611819. 146861 6111111118 6111111116111, 184 846 ·
1111161111 6, 108 ’61116111116446 q 61111111 4, 6. 10, 190 6111611111, aei, 64.
11661118,31 ⁵ 6116111111,181 61111113, 18 849 811. 6, 466 619 568 691
11119,141.10,19 6111111616111, 186 6,61.6,861.3,141. 631,648.’1,168.6,
11161111,106.1,13461111111ιςε1111 1, 106. 9,’10. 10, 1440. 95. 9, 91 114. 10,
136.11,166.14,188 8,111.6,118.14, 11,81.13,38.14, 114 844. 11,1ae
1116111111 18, 391 386 868 318 189. 13, 63. 16, 93
1111111111 4, 81 , quadringentis 11, 19 611111116863. 10, 113 quicumque 1, 18. 1631
1111111114,89 6116111111 1,64 61111111111161113,1836116111 4, 130. 10,
1111111 10, 181 “ 6111111111 14, 181 6111111116,160 389

1161111 15, 10 qum ’10, 819. 11,6111111111 1, 118. 3,13861111111 10, 96
11611634 36 89. 15, 89 143. 4, 109. 6, 3161116 quod 3, 66 141.
:nunnus ⁵,7 quaen19,112.1'4‚5e 1, 111 111111. 1, 14111111
>nubas 9, 47. 10, 331 611118, 118. 14, 868 841 6119, 69 1116111161 1, 164. 4, 6
1111111114,80Ι 6111111611 13, 808 “ ’10,861.11,86.18,611111118,183 ,
11111113,838.14,98611111111116,600· 189. 13, 113. 1661161111 6, 360. 18, 60.
1111111116 61κ1118,134.5, 19 139 160 833 839 14, 96,16, 11
11111118,188 6111111, 81. 9, 98. 318319380. 16, 4661111111 8,” 11 169. 6,
111111118,81 10,963.14,801 6111111111, ism, 168 133. 8, 149.
11111110, 344 6111111116,46 338 16 11, 1. 18, 86 101.
111116, 34. ’1, 88. 9,61111ο8, 16. 3, 896 6111111116, 133 134. 6, 13, 19. 16, 81

103. 13, 6 6111111111 11 , 14. 14, 16 316311.“14,839 quiescit 1, 186

111113, 61.’ 6, 1686111611 16, 63 quere 6, 136801 4916111111111 13, 818
6,181466. 13,91.61161111 13, 8614, 9,1 611111, 133. 18, 112
14,11116181.16, 104 6111119,11 quingentenas

108 quenulam 6111111114,61 ’011161111111118116
nutavit 6, 389. 116111111111111 611111161110, 318 61116111,106.6,889.
8388 61111113,141.1,166 6111113886 1, 181. 9, 41. 11,
11111111 4, 88 611118, 61. 6, 36. 6, quassae 8, 130 806

>mitellam 864 6111111111 6, 48 Quintiliane 6, 318
61111316. 6, 8. 6,6111111115,14’1.1, 51.611.111.11,111 , 0111111111111, 186

41. 10, 330. 13, 9,313. 10, 893·6111111,188 Quintilianum& 1,
193. 14, 883 13,’111. 16, 141 quatiente 13, 196 189

nutet l, 68. 8, 67. 6111111111116111,80 61111111 13, 111 Quintillum

13, 36 , 611111 1,80. 6, 39. 4, 611111 19,6 quique 10, 860. 14,
1111111611 3, 886 8810, 194. 11, ‘liquatuor 6, 41. 18, 69. 866

1111111396 166 13,611.14,168 nouimus? ¹ ¹

, 033 cuine

 

