VOCAB'ULORUM.

6116111118, 68 nocentem 6, 646 1167619,149 Nomas. 19188 ,

1111161, 116. 5, 148 nocentes 18,101 6611619, 94 11116166, 849. 6155

11166168,169 nocentibus 18, 884 66716667,8 Ν66116116618,11 '

61116614 80 6666110894.14,148661111116ι9,10. 10,88116166118,19.10,865.

1116168, 80. 18, 44. 6661161110, 8411 6611616616, 49144 18,8710814,91
14, 894 666169, 161. 8, 1046616111,148 ' 814

111618,114161.10,944 187 198 874. 6,4614418, 48. 11, 174. 44166169 41

1111116199 908 418 419 474 10, 868 numerante 6, 881

6161661611 480. 7, 61. 8, 149. 46741, 88144. 8, 190. 6661611161, 16

11161118, 140 9, 76. 10, 90 984. 8,86 1111111166166

1116114, 48 18, 944 11,119184.18,1986618,64161.11,84 6616661114, 188

616166, 869. 7,887. 917. 14, 146 190661111614 148 66661661619,49
,16, 49 9961643 6611114, 95 6611111118, 181

1116166666, 164· 66616168, 979. 4, 44 66161114,186 6116161614, 41 ,

11181611, 79 6661616664,187 666616416409. 7,884666161116,475

1116111166, 180 1166114611, 88. 6, 80100161611119, 71 6111116166,881.18,86

4161666666, 848 808 66161117, 981 661661616, 848

1111119697 unctius, 968. 7, 898 1167616616, 886 6116616117141. 14,

11161661, 86 6661116, 811604 14,116114,6 105

Nilo 18, 198 806 .’1161161619,68 6661616169, 90

Niloque 10, 149 6661111118,989 661119,169 . 6611161619, 48. 6, 888.

Nilum 6, 88 6661111668, 19 ,6611116 4, 74 7, 108

1111611111, 81 nocturno· 6, 118 6671811116 4, 844 1166ιί61166 7, 188

nimbo 4, 79 4661616618,144 ’ 6618646111, 48 1161616114, 100

1111116617,163 nocuit 4144. 18,997407118, 77. 6, 401.114161666,467. 14,188.

6111146164, 87 . 6611618, 40 11,148 14, 1186

nimia 19, 97 1161611116, 947 novitius 8, 964 numine 18, 881

11111111,66161.10,19.14,666111 4, 165 Novium 18, 111 6616161461 10, 111 847.
77 v nolentem 8,119 mv08,ll ’ 18,’48

6116146613 16ὂ5194 666666 1 g, 2195 ἓξπὲιῗοᾏρὲῗ 1161116116046663. 6, 841.

mmm , noe ‚ ‚ . ,. .

. 1111111610, 969. 116111, 196, 6, 977 6611618,987 1911611161 7, 74. 8, 98
1111616110,104. 11,1161114, 44 nubat 6, 490 1111166114. 186. 18, 181.
187. 18, 11 661116, 94 116469,61.19,19 14, 189960

6141116619, 104. 7, 78. 6611616, 948. 18, 1870006466618, 167 1161661111, 48. 11, 19
10,948.14,64 66168,976 66466114619,187 61161166111161,114.8,Ι

11161146,176 6616611618, 74 608610880388 118 8,101

naemu, 91 66166116, ’96 6116411149.14,97111116111616,646.7,146.

6146161988 11616661, ’.148 4, 46. 898 8180.10,819.18,

1111117,161. 16, 4 7, 9110984. 6, 3660111119. 118 84 94· 14. 40

1111146114,60 878.11,88.18,78.666119,144.6616111616,ὥὸ

nitidis, 147 18,80 6661111111,119 6666616661,1

61116166611,176 11661116 4, 197 6608. 666615, 144 6666111119, 41. 11, 46

6111111144,9 8, 189844. 10, 8196111118, 914. 6, 1986661111 10 816 '

1111111616,8 884 490 484 7, 86 14,’11,66411 111. 9,.89 4,

611618,180.9,18 1161111661, 98. 8,81 54 8819899918,

6116616198 1161616116,184 8, 941. 461141, 9864 16. 15, 97

1111616667, 881 18, 818 60414111706 61161116, 140

’61161666616159 1166118, 88 666111, 84 nup 1119, 190. 6, 89968

6116611844 66111118, 46 6111116, 981. 14, 808 61611611, 901 ’

6111614, 70 6616666111, 34 661161, 48. 6, 488604 66611618 45

60611611, 96 „84013169 6661161116, 490 1161161110, 74

1164111616,175 ’ 66111 ,6616 1, 7. 6,.318 611664, 49. 7, 16. 11,6111661 14 990

66611116,81. 7, 191. 10, 841. 14, 848 4896 6611111, 77

8,41 49 69 1896614,6616.1 1,188 46116618, 810. 8, 804. 61116661 8,184. 4, 8,
84816118 116166,306 9, 85. 11, 170 8,148

6641111119, 90189 66146668, 84 6611619, 71. 4, 100. 11611618, 946

6681110168, 84. 4, 97 6611111166 878 11,168 nutantem 15, 146

6661116617, 91 66161114, 44 nugas 11, 769 6111161119,194

mu 6, 619 1³,4 46161666 16, 84 uugi· 4, 150 1161116 6, 410 numm

 

