lgnnvllle 9, 94
1111,9, 94
1111147 .
Iliade l, 195
11111 1, 50
illita 5, 55

111111101111,λ

'llige nique, P. 10 11116, 71 11111115,18
11 11111115, 57. 4,4 1111115, 94. 4,9 1111111111,Εὸ

· 11μ115,190.6,71116,58 111191116161

111ς111111,90. 6, 50· 1111111181 ’ 11111111115119
ingenlelque6, 47 1111111511 1111108153

. ingenuo 5, 15 111111, 199 1111111119, 1

1111119, 55. 4, 9. 5,1ngere5, 177 1111157 111111111115,40

11111115,105
1111111111,Εὸ
111111111111, 59
immolat 5, 75
1111111111 9, 69
1111111111111 9, 9
imam
impallescere 5, 69
impellere 9, 91
impellit 5,198
1111111119, 15
1111111111εό, 68
imperio 5,l58
implerunt 1, 99
,imprimit l, 57
impro5e 4, 47
improbuml,6
impulit 9, 59
impune5, 59
impunitior 5, 150
1111111141 49
11111111,1
1111111961
1111191, 15
incolumis 6, 57
incoctum 9, 74
1111111115, 197
inolevit 3, 39
1111111111 1, 91
incusaque& 59
11118111 5,187
11511,196. 5,155
indomitum 5, 5
11111116, 49
11111111,74
indulge 5, 151
indulgen 1, 41
indulget 5, 57
1181115106
inepte 5, 19
ineptus 5, 175
1115111539
5
infelix 5, 45. 6, 15
inflante· 5, 187
infodiam 1,190
1111181111, 79
1111111515

ingeris 5, 6 11115, 54 11115, 109
inguine 5, 4. 6, 79 jubente 9, 95 1111151 177
inguinibus 4, 55 jubeob, 161 11111016, 51
1111151119,54 11116, 10 1111111559
iniquumso 111119, 90 1111110111111)
1111111111,9511111115,80 ,1111111131
1111111116, 55 11111114, 98 latete, 115. 5, 99
1111116, 59 ’ 1111111116599 5, 1411111164
11111116, 98. 1111111119, 47 11114, 44 ,
1111111155119. 6,ρ51.111119, 99 95 1,·,,111116,776
11111175,85159158 9940 5,157 11111115, 98
insanus, 5 , jumfi, 137 1111111115, 46
1111115,145 juna, 18 1111111111, 58
insano 3, 46 j,ure15 115¹ liud 111111, 71

’ inscitia 5, 99 1119118, 1, 176 11111111, 47

1171171163 11919, 67 3, 791 1111111111, 87

· 1111111111 6,44 89 ’111111 6, 45

insomniis& 54 ’ ,11111111 1111116 93
111ρ1115,88 89 ,1111114910 11111 93 Ι
11181111 q,ue5 157 111111, 119. 9, 69. 5, 1111711115, 44
119115, 155’ 9469 111115, 110 ,
1111111159 . 1111111559 “ 111115, 109
111111111111115, 58 11111116, 5 laxumque 5,58
11111115, 175 juvenesqu'e5, 64 1101111112 .
1111111115,15 1111111515 1161051111·
intendill'e6,4 juvenlniS, 5466 leclorl,156
intendite, 11 11111, 11 11111116. 6⁶
intepet 6, 7 legendum 1, 98
intima 1,91 - leges l, 17
intortos 5,58 leget 1, 9
intrant l, 91 L, legunto 5,7
111111 5, 9. 6, 198 Lemures ,1, 185
1111111119, 9 · 111115, 95
1111111111,115 1193, 95 lesnes, 99
11111 1, 94 50. 5, 50 11116111114,10 1111111153 ,
49. 5,199 1111111119, 39 , 1111111157 = ’
111111116, 80 11111115, 89 10¹ 5, 98
1111111115 11511111 9,ss 1111111119, 5
invigilnt5, 55 Labeonem l,4 1111,11111 190
1111165 1111ο1115,59 liberi, 13 75. 5,10“
11111599 ’,11111119 17 5, 85194
1111918. 5,50114111111,1’.1 5,181 1111111111 5, 65
159 11111111,105. 5,109 1117111115. 114
lovemque 9 45 11111115, 51 libem« 5, 89
111119, 91 lacerna l, 54 1111111115, 75
iras, 116. 5, 91 111111119,3ο libenn 6, 95
1111114, 97 laena 1, 59 libido 5, 86
intumi, 194 1111115145 libra ξι, 47
1111115, 18, 6, 54 latui 9, 54 116124, 11

ingeminat 1, 109. 5111151111, 56 111111,64 1151111, 86

1111111114, 50
1111111115, 61

111ο11116, 91 1111111, 89 = 1101115, 8997

1111441 11119, 53 110114, 59. 5, 84 ,111,
11111519 11,1111,99.6,17 87

licetur

 

