sume 11, 896 1111111οό, 179 furor 3. 294 16. 44
1111111119,78 1111111111 8, 71. rutinorum Taedia, m. pnp- 2,
sumendus 19, 61 199 , suum 18,198 49
1ιιι11111116,633 superbus 19, 195. 14,51111116,995 1ι1119,150
1111111113, 105. 5,l18. 989 ¹byeuuulldffls Ι 'rupim
9, 97. 1099 supercilio 9, 15. 5,8)’11111,16.9,98 Τιςιιι14,909 ·
sumeret 11189 69 8γωρυιίυωό,349 sule 4, 99. 15, 11
summimus supercilium 9, 93. ’6,8111111611116Ᾱθ9 115
1111111119,70. 8,159 168 Syriaque Β, 169 sulem 9, 69.1,16. 8, ι
1011111111,188 superest 1, 3⁵. 8,978]ιί11111611111,78 179
sumit 9, 191. 3, 67 959. 5, 78. 6,351.11111118,990 &laniandis
179. 9,19. 11,98 9,184. 11, 18. 18,1,1111111111,80 sulen 8, 909. 10, 199. ,
sumitque 5,198 109981 Syrophoenix 8, 159 11,99180 1
“ 1111111168,181 1111111616,19.18,15 ·180 11115, 178 J
1111111118,181.5,97.111111111118,181 8116101116,ῶο “ 111119,1991. 19,98. ,
6, 968 671 supersrtll,206 ,1111111169 11, 150 995
1111111111 1, 9 18. 6, 868. supersunt 8, 191 usibus 11, 49. 14, 910.
7, 155. 8, 919 superuacua 10, 11 “ 15, 99
summi, 1111 11, 81111111111111111 9, 116 111119, 156. 11, 907.
1:48⁵ supervacui 11111116, Τ. 19108. 18,47.11,
1111111111,]”111Ἰῖ. 14, 918 41 166
summanr, subfl. 11111111111111 11167,16
ιι. ιι. 1111. ruruprnomu 1111111111 11511 rapuimus
898 supinum 14, 190 1111111, 1141. 10,111ις1114,11
summum, adjus. 18,111111111118,980 157. 19. 97 111μω11,919
159 supplicia 15, 180 11111111 7, 98. 9,86 iungunt 18, 89
1111111111 1“, 588. 9,1011111111111108,918 tabelli· 6, 976. &sunia 6, 189 500. 10,
lus). 6, 1111. 10‚suppliciurn6,919 119 806.11,190
968 supposuimus 11111111 6, 199 989.111111,1111111. 7, 81
summique 6.118 suppofisumque 10,116 Ι19,100.1Ε1,186 umquem-5
11111ῃί19, 119. 6, 88 suppositus 1, 98 1111111115, 411 1111119, 51. 1. 95. 5,
61511, 119. 11,56 furae16,14 ¹ sabernae 1, 105. 9,49. 186 177 695. 10,
“ 1161611011,86 surda 7,11 . 8,804 97 165 818. 1³,
111111111116, 888 11111169,150.18,191 ’111111111191 96.14,990
summirre 6, 906 1111111118,949 11111118, 8. 9, 41. 11, tantine 5,9 ,
surnrrro 1, 11. 1, 161111ς118, 151. 7,188 989 sunsit 6.160. 19, 111.
. 1186117 1111111111 1, 70 111111ε1,90. 9,“119 14,808
summor 10.49 (nigerrrima 1111111119,98 11111ο4, 18. 8,110.
summoveant 1,87 Ι111ςί11115 11111111,11.6,1111,. 10, 110. 11, 97
summoveor ιι, 111 surgit ⁶. 111. 1. roo. 111111, 113. rurs 111. 11119
1111116111 11,1116 10, 13. 11, 191. 1911161111 8, 199. 10,1ι111111119, 197. S, 141.
summulas, 171 98 106 1,165. 6, 879. 8,
summum 6. 199. 81111ςί1611, 111 tabulis 1, 68. 4, 19. 910. 10,1060. 14,
, 88. 11,989 1011111115,159 8,109 189 988 =
. summumque 6, 581 surrexerit 11, 918 11119, 61.8, 97 11111111ιά111 8,998. 10,
suurnrur 1, 117. 6, 99.1u1pecu 10, 908. 1911111111 9, 103 115 91
10, 110. 11, 85 98 ituenda 4, 106 1111110, 186
sumpserit 6, 965 suspensis 11, 186 tacendi 9, 11 sudu 14, 948
’ 1111111118,80 suspectumquu9,6¹1 1ιω10118,50 111156ζ416
sumpsrur 4, 80 suspectui 8,999 luceo 18, 197 sardo· 4, 44
sumpru 11, 16 suspendu 8, 980. 9,11α·19,96 utrumnum!
sumpto 6, 899 85 11111115, 169 11111111 1, 101
sumptos 16, 10 susp-uuir 6,186 incita 1, 167 ‘summarum
sumptu 1, 71 suspicit 18, 198 incito 11, 181 Turpeirque 18, 78
sumptu· 1·, 186 suspirat 11, 169 tacitum 18, 909 Tarpeio 19, 6
sumum 2, 81. 6, 981 111111111898. 1, 4011111119, 94 ' Tarpeium 6,1’1
1111111113, 1111, 99 11,199.11, 197 1111111111191 ’rufio 11, 160
16111111111119,68 1101111111 6,105. 1⁶,raeda 19, 59 ’1111118491
superbi 6, 598 . 88 1ηι11,1111111.1,151.9,9171111111 16, 116
ruperuuu,uu susurru4‚110 1111111,14.11,101.1111ο1,11 t

Tauruminsim

 

