, INDEX

61111111,111.1,111 11111161 11111111 1, 111 1111111 1, 61
Quirino· 11, 106 rapuit 10, 600. 19, 199 1161111111 11, 901 111,ι“161116,1.16
0111111111 6, 61 1111 6, 164. 7, 1161161616116,66 1611111116,666
Quirite· 9, 60 166. 10, 998. 1,11.·1ο,191.11111111111, 106 relegit 6, 469
46109 16,6 1161111611 6, 69 16116116, 69
quisnam 10, 69. 13,1116,16111.11,691 recumbite, 447 1111611,111111.5,11.τ.
11111161 111111, 161 11111111 11, 111 1111611611.171
6111611111196. 16,11116,1111.11,61 116611 16, 1661 relicta 16,96
Ι11111111 1111111,1ο1.11,166 1.1.1.1.1,11.11,1ο 11111111111111177
’ 1, 41.6,1ω,1111119,116.6,16 1166116,619 962
1 ,90116 46 111119, 16. 6, 97 16. 16661611 16, 906 1111616 6, 616 690. ῗι
,111311161111111 1611 1111111 11, 11 111
,1 , 116964. 16,921 1111 9, 97 16661111 6, 909 1111616116, 19
quo, 111 est, quantun a, 1116 6, 171. 19, 81 11611116,16 1111111111 16, 963
9119144 11911 16, 166 redemptum 4,oe 1611161116, 196
6161111616, 666 1116 16, 601 redeuntibus 14,170 relinquit 6, 996
quondam 6, 64 819, 6,1116119, 199 166111 10, 179166 relinquunt 19, 17
11. 1, 111. 11, 11,111111,16.1,11.1,1.1111111111111,11 1111111116119. 16111
’ 16,68900 16,.19 116116, 176. 6, 6991111 111 6, 67. 9, 66·
’911101991119 ”⁹ ⁴⁶²‘„1⁹÷{„⁵1¹÷¹32⁷⁰ ..11111111
9 9 9
(1166111111 16, 66 1111611111 1,91 1161111111,16 Regi 10,76
quous,61.19,167 unionibus 1, 116. 6,1161111116,669 wigch, 49. 9.160
610 1611616111 4, 109 remigibus 16, fl
1111616614 11111111 1, 46 16111116, 196
11161 1, 9 1111111 1, 116 1111616111 9, 66
Β. 11166666 ’ 16111161119,106 111161110,6
11161111,156 16111111116,66 remotiore, 176
911611 9‚4 11111161 l, 66. 11 , 6911111111 19, 66
11111111 11116 m 1111 111 · 1111111111
1161111116,491 rebusque 10, 666. 16,1116116 16, 66 1166111110,966
111116 6, 667. 19, 225. 69 16111119,166 1661 16, 67
16, 196 1161611 ³,29'1 161611, pro 1111116111,11μ11119,66.9,6

“ ·. 1161116,151 16616116, 669 166. 6, 6. 6, 196116111111, 101

116116 6, 106. 16,1 1661616, 161 6, 666. 6, 196. 1611611111 19, 61
11611116,ωο 1161111116,66 9161661160, 16611116,979
udin 6, 906 1611611161 6, 607 11161111 9, 66 repetunt 16, 19
116161 16, 16 1666111 1, 109. 6, 11.1616111116,110 repeti« 6, 696661
1111111 16, 111 1, 116. 11,1 11111 1, 111 11111111 1, 111
1111616,911.11,91 recentium 11166, 1. 16, 149 11μ111111,811
11111116, 99 recepit 16, 961 1616116, 166- 10, 976 repeto 6, 99
1111111116,41 , 11661111 6, 19 196 regemque 11, 161 reponam 1, 1
116119, 160 1166111 6, 960 tegenti 6, 66 reponit 6, 990. 6, 666
1116161116,184 1161611 19, 64 1116161116. 10,116 11166166117,67
1111616111 11, 166 1661116111 6,9 1111666114, 106. 6, repugnet 6, 696
116111 6, 413 16611116 6, 196 160. 6, 406 repulsa 10, 696
1161111186 166111111111,6 ’ 16111616 19, 106 16611116,666
1161111611,ε16,15,66 recinam regiam 11611611 6, 106. 111
1161661611 119615 1666661116, 61 regibus 6, 616. 16, 69 169
1111116679. 6, 166 16111166 regimen 16, 66 1661111116, 966
¹ ηρ1111111117· 10’11111’9ὠ111’16’1ω ’1111112111 1111111161.ᾶᾷιὲ
11111111 111111, 1111, 116. 116. 16, 111 ’ 1161111111, 111
11616111, 166 10, 169 regnu 9, 149. 6, 999.11661619,67
1161111, 199 1161616 16, 67 7, 901. 16, 696 111611116,116Δ
uptun 10, 966. 16,116161611 6, 96 1611116, 119. 6,146 1116111111 16,6

96 1161611119,96, 1611117, 960 1616111ωᾷ64
“mun ⁸, 150 mium& 1011 15, 189ΛΕΕ1111191 581 7646119Μμ111713
· 11111111 1, se 11, 111 16116 11111111, 1111111,
ruptusque 16, 169 11611119,96 1111161999 60. 6, 116. 6,ί91

11116111

 

