INDEX.

1616116111 6, 164 16111111 6, 148 11611118, n. 6,199
161611111618,117 1 1616161664 6161661666
16116 l, 97. 9, 17. 8, 66611 8,6 66111161 1, 96
49 sicci· 6, 168 1116611661 o, 4
· 16116 tuum 611111 611, 116. seeum 6, 90 811ιί1616, 196181
8. 1,97 ‘ 8166118, 89 1111666169, 66,
1611 1, 68 64. 4, 10 sidere 6, 46 11166169, 44
θ 1611 1, 68 189 1131161116,17 findam 8, 19
SABBATA 1, 1111 seloppo 5, 18 6166111 8, ol. 4,7 studeo 6, 19
111116 6,1 1616116116 unqu· 1. 61 uuuue, 11 111
11611 1,118 soupuli 6, 8 6111 4, 41 stupet 8, 89
suun 1, 111 nnuman. 11 66111. 1, 11 stuppa 1, 111
11611, Ρ. 7 1611111161 1, 68 6661661 6, 70 suberete 6, 186
1661119,66 16111161,46 6668.96.6,16 1611111166.194’
11616 9, 96 1616116 1, 118 singultiet 6, 79 subduximus l, 96
11611116 6. 91 16611616,181 6611116191. 6,164 subeon 6,166
sepe 8, 44. 6, 9 1661611111 6, 96 , sinu 6, 87 subere l, 97
16161 8, 86 16616116,91 6116616 6, 97 Ι . 16616168, 106
1111661, 11 11161611 1, 11 1161161161, 161 1111111, es
1116 4, 80 166161,181 611161 6, 79 166118, lm. 4, 19
1111611618,96.6,189 1666111,114 116166, 186 1661161 &llo
. 111118,111 16116618,81 [illelmo subsellium
1111611,104 secundos, 79 11111111,91.6,166 16111618,41.4,4,1
11116161 6, 119. 6, 94 1611611896 8661111666,87 1666111 6, 89
1111111 9, 88 1666161 8, 69. 6, 19161618, 89 16161611 8,90
1116166 8, 99 “ 18 1616 4, 18. 5, 64 1666166166, 81
6616661616, 96 166111 1, 66 16161 6, 169 16661661616,140
81611618, 66 sede 1, 17 · 161661 4, 88 sudem 8,411
116611 9,16 1606611616,49 1616115, 37 149. 6, 94161116 6,160
116616 9, 68, 1616611194 76 suen 9, 68
1166161666 9, 78 seductum 6, 148 16161, 6661666, 41 sufficiet 8, 4
16616111,61.8,116 segeno, 96 1611161116,96 1681690
11618, 118 semel l, 94. 6, 167 161116, 19 1616611661, 78
11661 6, 91 semipngnnue, P. 6 1611161 l, 70 1611616 2: 96
senna 1, 69 . semper 4, 18. 5,69 8616161119 1611616113,99
1111618, 118 1616611611 6, 191 1611116,11 166166 1, 68
saperdae 6, 184 sene 1, 194 somnia 9, eve 8, 88 16111115, 194
supere 6, 86 senectui, 41 1661611116, Ρ. 8 summa 1, 104. 8, 84.
sepiae 6,167 1611616, 119. 6,6 161666 6, 66 4, 14 17
sepios 4, 91 “ senesque 6, 64 fonti 1, 108. 8, 91 lli-mn 6, 64
1161161868. 6,114 161116,1166116611“6. 8, 48 solbere 4, 16. 6, 119 1666616668,106
sopinum! 161116,6116111.6,16 16111614, 89 1661616111 8, 48
sepio 8, 78 seniumque 1, 96 1011111164, 9 sumptu· ⁶, 67
sapit l, 106 16111611, 69 1611111161 1, 198 supellex 4, 69
sardonyche 1, 16 1661119, 18 16116116 6, 88 superbo 1, 100
sartago 1, 80 16116111 8,97 speciem 6, 105 1111111611 6, 66
1111116111 , epu 1, is 6616161 superi· 1. 11
1161 6, 66. 6,11 11111116, Ro (1611111181 11111169, 48
1111111 1, 81 sequenda 6, 107 166619, 85 16616111, 199
8116166666 9, 69 1611661118, 61. 6, 1411166819 1666116611.85
Saturnumque 6, 69 166 spirent 6, 85 supplice 9, 86
fiturum 1, 71 sequi, Ρ. 11 splene 1, 19 supplicet 6, 178
myri 6, 198 serem 1, 19 spondente 6, 79 16666611 8,116
11116, 97 - ,1611 6,61 spumosum 1,96 supposui 6,86
scabiosum 6, 74 161119, ll. 6, 44 811169, 19 99 supas, 118
. 16111111, 11 1111116111 1111111 6111111666
1611666161 1, 91 ferno'l, 68 1166161116 8, 98 suillum 6, 85
1661611119, 68 servu 6, 117 66111616, 76 surge 6, 189 188111·
16111 1, 97 1611111661 6, 197 11611111 6, 64 1υιςςῃιρῃ5ῥτ
16111611 mh. 9,19. 4,4 sesquipede 1,47 6111111111 8,8 surgis 8, 95 Μ
no

 

