11111111111.

inducitur 6, 416 ingenui 11, 154 1111111111 14, 68 11116114181
indulged, 161 ingenuique 11, 154 1111116, 519 11111119,106
111111151169,46. 1111111115181 1191111118, 156. 16,11111111’1,96. 11, 110
11111ς111114,.954 1151111115, 90 14 invidet 10, 998
indulgentiam! ingenit 6, 608 1111111111, 991 111111115, 95 ¹

indulgete 6, 969 ingrata· 14, 165 1111111111 14,14 111111110, 67
indulget 9, 140. 61111159, 69 ’ 11011111111,11 1111111115,128

169 689 ingrato 10, 910 intinniit 5, 91 1111111111 15, 119
1111161119, 165 11311111 11, 190 1111111116,651 11116 19, 946
1111111119,166. 668111111111111, 169 11111116, 995 . inviti 5, 911

19, 911. 14, 950. ingredietur 1,]19 1111161111, 87 11111111114, 184

15, 148114 ‘ 111ς116111090 1111111116, 169 11111114108
1111111111110158 1111116195.19,961111111111115169 111111111116, 606
indupentorenn4, 99 11111116, 869. 9, 4111111111 14, 194 1111111116, 196
111116,564.11, 195 11,158.14,900 111111,1011,411111111
1111111618, 69 11111116,109.9,196 15, 56 11111111
11111119, 91 11111116110,599 1111111619, 199 ioco9, 10
1111111119,119 1111111111, 41. 6, 900.1111111ῃ14,101. 64501111111113 m
1111111114,80.10,900 10, 901 1111011119, 96 11111116, 98
11111118, 916 1111111116, 90 1111111116,150 11111,1’511.14,111
insaniente 111111111115, 40 interqueis, 919 51111119, 85
1111111119, 99 1111111119, 95 1111111111 13,11 ,1111 19, 6
1111118,116.5,145.111111,1,90 1111111111418 5ο1118,166.10,86

6,81.9,60.14,49.1ι1111115,5 interiorem. 80 fiee, 14, 81911

161159 iniquol4, 196 1111111111, 15 lp 1111119119
1111111118,169 11111116, 9. 8,191. 141111111111116, 544 1111, 65. 6, 646. 19,
11111111 14, 166 151. 16, 99 1111φ1114,19.1,145 10011615,191
1111111115, 64. 10, 199111111119, 156 interrogo 1019 1181, 45. 14, 50
11111116116,9605 1111116,199 11111111116,199 imi, 168. 6,86. 13,
111111119,41 1111118,159 1111111111,144 189. 15, 169
1111111151118, 149 1111118,818 1111611119,914 111111,116984
11111113, 159 909 9591111111 1, 905 intestine 1, 16 11111110, 960

967. 6490 696 7,inop112, 61 . 11116111 6, 498 inti 9, 999

14.10,169.14,995111111161 1111111161116, 419 1111111,50146
1111111116, 957. 18, 5911111,1116 89 11111115111116, 459 1111119, 96
11110111115,190 imprimite, 191 intone16,484 11119110 81818996
1111111116, 14 ’11111611111449 1111111116,195 1119, 95196 8,150.
11110618, 991 1111111, 109 196. 9,1111111114, 69 9,91.14,199 , ’
11611111118,60 91156.4,195. 61111119, 68. 6, 9181111914
1116111119,190 ’ 116. 6, 960 ,.415 611. 10,911.19,16111111111111111111, 165
1116111118,19 1, 949. 8, 44. 10, 1111111111 10 111 1111614
11811119,981 155 991. 18, 64. 111111116, 191 11111116, 486
intremuit 1, 166 ’ 14, 158 intrepidi 19, 89 1611 19, 99
11111116,616 11111151111, 51 11111111111,10 1111116, 598. 949,
1111111118,154’ 11111119,11 1111111116, 899 161 18, 99
ingenii 10, 119 1111111116, 619 1111111 6, 998 111108,110
ingenio 1, 6896. 10,11111111111114,195 inim 3. 941 10111119, 111

190 111111111,68 1111111119, 90 111, 145
¹¹¹4.”51?1‘0,¹31..³ 1 1111. 11.. t ., ,.. nient.. .., .

18616144 116ς1118, 991 4811910,148.1119,89.9,.66 19, 89
ingemi, 4. 9, 119111ἓ1111μ19 10, 51 15199 11111119. 10, 90,
187. 4,194.6,1111111116,96.9,144111111118,989 11111115,184. 4 1.

108 511 648 660.1111ροο116,518 11111119, 960. 9, 8. 19, 95

1, 109140. 6,100.11111 119, 45 10. 41. 15,, 89191. lenaeum 10 951. 14 ’

15,62·1t,155 inspe 11111,91 15,44 961
11ς11119, 940. 16, 15611 111119,19 111111111416 1111111116,96
1111111119, 951 1111111 1515 1111111118, 66 11111, em, 65
11ς1111151119, 96 1111111116,411;14,11111111,511511119,114

1115111119, 14 · 910Ι Π11ἐ111111116, ,111 ium

 

