vocrrurouvu.

1111116,311 centurionum 16,17 chrrs’aes, 16 circu11'9,6
caurus 6, 660. ’1, 11111169 (1111116611617 11111111,ω.111,9,·55
163 ceperas 13, 71 Charybdim 6,109 circrrrrugee 9, 91
cecideruntfi, 190 ceperunt 11, 890 01111111, 'uide 011111 circumagat ’1, 161
cecidit, 111110, 9, 10, cera 7, 988. 19, 68 Cheironomon 6, 68 circumagusr 6, 93
3,919, 10,(19 11111919 Cheircncmorrtci, 191 circumdatus, 199
ωωψω1ωωηο fflwwffifflsswfflmm
eeciuirque 10, 981 cerer 1, 68. 9,119. 16,11 circumducitur1‚192
cedam 8, 99 11, 99 191 Chioncrn 8, 186 circumducto 10, 990
e0d211‚110 cercopitheci 16,1 01111113, 906 circumligat mc ,
cede 9, 181.7, 919 cerdoni 1,]19 chlamyde 9, 956 111111111911
cedent. s, 999, 4, 1111οηί11111, 153 1611111118, 101 circumscribam, 997
56 cerebro 11, 67 choraules 6, 77 circumscripserit 10999
cedem 11,50196’ 1111611118, 969 1111111116,8111. 16,5 circumscriptorem 15
cedit 1.,193. ’1,38, Cererem 8, 390. 9,111ο111118,68 186 '
15,46 91 chorcll,163 0111611010111 ,
cedo 11111111, 1,, 51 01111116,1ο. 10, 119. 11101116, 611 circumi ice 8, 99
cedo inperat, pro 111, 11, 219 263. 10, Chsyfipp12,5 circumsgicss‘ssto
diemogo 6, 503, 111 chryfippusrs,1ar circurll‚195
13, 910 cerno 18, 61 Chrysogonum 6, 71 cirrhaei 18, 79
1911111119431111. 11111114, 197. 6, 678 Chrysogonur's, 176 1111ο18,166
emmmzoe wmmmc dfflfflfflsthffldfflwfficu
cecropiae. 9, 45 53 ceromatico 8, 66 16,96 171 1111117, 11
Cecropir6,186 cem 14,1rs 1111118911. 6, 680. 1016111990
eelaeno 8, 130 certamine 1015 19, 919 111111 2, 13
(311101116113111111111 11111611. 9,978.111111116,19 1111101,6ο
ω11119,98 10, 91868. 18,111111111 6, 197. 10, 11111116,99ο
celebrer 7,8 , 1111116118 919· 111915 1101111118,190
1111611013, 919 α11ι18,190 cibun 8, 988. 6,11.111111111111“7,919
celeret 11, 196 cervical 6, 869 11, 79 801 111111111οο 11, 198
1111111915 cerric'ei‚64. 6,90611116119,69 1011160115, 76, ,0,
111117,96 860. 9, 118. 10,111111118,161 911Ι ·
mmmmm 0 ωψωῌο01οωῆ1ω,
11166191 cervicibus 8 60. 6, 911
Ceh'o‚n0mpropr. 6, 583. 10,260 (7106101117, 169 , ,
911 1111111111,961 Ciceronis 10,111 · , , 45
ansebunt 6, 499 cervix 10, 10 190 016. ciconia 11, 71
αη19118,971 19, 11 cicusae 13,166
censes 1, 130. 18,110(7111111116,186 11111117,906
censor ⁹, 119 ces clm ciemur 18, 81
censam, 191 ce 11111 11, 69 01111111,191 11111119, 61. ’1101
«1111111111, 99, 14,11111111 6, 67 661. 9, 0111111116,91 ,1,1119,103 -
50 x 88 6111161116,191 ,1,1111,,5,119
censu l,60. 8, 160. 9101101161Ίό (1111161110919961 civi, 2105. 4. 90·
11,93 111111111,188 1111101111,80 1,,559, Μ,
tensurus, 110. 6, 861 ceff21015‚17 cinaedq4c 106 1111111981. 10 911.
censum 9, 68. 10,1111116,107. 18, 911 1111611910 15,111, '

ῃ . auum cffiffim mmmm
censue 6, 67. 7, 187. 1111111168 cincinnur6, 191 clemente 1, 71

10, 18 Cethegi 8, 131 1111111116, 116. 11,11 1111111619, 87

1111101, gerris. 7, 1871 cethegum2,27 1111111110111 111111110113681. 8,
11, 176 997 8010116111110,967 cinirl,111 98. 9, 68. 11, 983

sumu mcmststssmmmw &mmm
censent 10, 836 1011111 Circenses 10, 61 clament 9, 106

111111111οὸ,191 ff cavenrcmmr' circensem 3, 998. 11111116. 981
Centroniur 11, 66 9911111910 11,68 111111ο1 6, 897. 11,

centum 1, 99 190. 3, cumippo 8. 90 Circen 16, 91 199
999 960. 6, 617. 0611011166ὃῖ 1111110117 11111111 10,916. 19,

1Λο10οΛΜΝο9 cmuuuuusmuumw
mame mmmm. mam ummmr

Ec ⁸ clamosum

 

