vocnssnnonnnr. ι

:mma 6, ese. 16, err 111. ,113 116. 11,... 11, ae immam.. 111161,
63 = 14, 14906967 968 1666116119,90 66. 6830, 7,901
1116111169,31. 10, 947 semperque 3, 60. 6979. 16661161 3, 946 950. 6,161111ἰί 9, 195
6661111611111161661661. 14,118 100. 10, 73117 16116,11661111.1,99.6,
7, 904 8611116116, 89 ’ sequiturque 1, 121 918. M
1661181,611]“6θ. 9, 107 16111168, 93 sequanur10,68 servorum 3, 167. 6,
166666 16,3 1611616611,99 77 semin, 11611611. subst. 6, 331. 9,68. 10, 934.
166113, 961. 10, 76 86116616.109 846 19.116.14, 16196
1661668, 167. 19, 61 , Seneca 10, 16 sereno 13, 998 806
166161166611691661.19866661168,919 1111666617, 179 serios 6111. 6, 610.Χ
89 16116116 13, 69 86161, pepuli, 6, 409 11, 189 ’
166111, nomen. subst. edenenas 1,144. 3, 96. Sergiolus 6, 106 servulus 8, 963. ,14,
968. 10, 69 4, 81 97. 6, 34. Υ1861111616, 119 Ι 67 ’
6661613,196 36- 9.199 139. 10.1611111,99 16116618,179
6661111118,171.9,144 76190. 11,·16. 1936116116 6, 663. 16111161 6, 918 991. 8,
66611111, 169. 6, 69. 914. 14,961 170 966. 9,46. 10,49
11, 116 renem 161 161661, 1121, 11. 66111111. 1. 91. 6111.
’6661619910 16661666110, 946 199. 8, 89 . 4, 16 99, 7, 106.
61161613,166 1611616117, 69 1611116116 6188448 ' 9, 41.13,71 ’
6116116,969.10,919 1611619. 119. 9, 117.161166116613,·87 1616911
’611611114,74.7,993 13, 185. 14, sr'ssermonee 10, 88. 14,86116116,34
’611661 3, 9 181 169 . 8611666110, 97
61161117, 197169 1611111666, 169 16161, 169 severi 9, 131
sedenter 7, 43 ¹ senior 6, 914 686. 1916166111 6, 481 697. 8,1616161 11, 91
1611611111 10, 93 93 914. 14, 114 16161661 14, 110
161161,116111611.19,71 senis, genre. 4, 19. 6161661116 14, 74 sex 3. 908. 4, 15. 7,
161161 1, 96. 9, 190. 3, 691. 8,163 serpentibus 6, 91, 16,3 166
966. 6, 101. 8,190. Senonumque 8,934 serpentum 16,169 seregesnnusl4,191
10, 161393. .11,166161116,116 8611161,11863111161 1611611111 13, 17 ·
199 1661611115, 90 86111667,80 1616611111 7,118 ”
sedisti 7, 993 sensit 14, 311 161119, les sexte 1. 64. 7, 160
sedit 4, 76. 8,63 1661611116,146 seneque12,84 1611111111,906 ¹
seditione 2, 94. 15,1611161 8, 73. 10,940.3611611616, 141 161111ιί1116, 496 ’
64 16, 138 servibat 3, 906. 4, 69361169, 91
seges 7, 108. 14,149 1661611116 9, 69. 4, 136. 111 8611616, 191
segmenta 2, 194 6, 497. 8, 196. 14,1611111114,101 1616 9, 486959
segmenrarrse, 89 906 = 1611111161 8, 968. 14,1616111 6, 647 .
segnipedcrfl, 67 1611111110,916 304 161616, 194 610. 11,
8611661689 1611111116, 99 seruere 9, 7. 6, 659. 167 ι ¹ ·
361166161676104 tentiones 11, 83. 14, 1991111619,167.7,99
Sejanu110,636690 1611111619, 98. inu 969 61111663,113.6,16.
Seioque 4, 19 938 1611619, 64 8, 80. 19, 93
8611666119911. 1611111661 16, 49 ’ 1611113,.143. 4, 6011116111 4, 69. 6, 196.
161117, 149 sensit 9, 163. 6, 361 7, 138 6, 949. 8, 36
16116, absai. 3, 166 senuerunt 6, 89 servate 12. 6 Equidem 6, 690
16111161,94. 6962 16661610,198 1611116,661111.6,469 6611117,988.8,111·
161111 10, 91 sepem 16,149 16111111 11, ¹11 “ siquod 8, 110
semel 9, 134, 4, 1419161111 5,81 16116616, 16 8161116519. 8, 196
6,690. 13, 949 septem 1, 94. 6, 641161111661 4, 68. 10,311·111161114, 147
1611161111 7, 89 br's. 12, 69. 14, 394 986 · 11661 10, 113. 16, 199
1611161616 6, 167 . Septembri 14, 180 1611111616, 71 6661611 6, 47
semianimum 4, 37 Septembrir6,116 161111113,199.9,80 sicem 8, 36. 9, 19
8661166119,108 1661611116,189, 16116114,118 6661661613,39 ⁴
16111111 10, 363 septime 14, 105 servi 3, 131. 6, 978. 7, 86611 5, 101
1611111116, 619. septimense, 10. 16, 141.9,109190199.06611618,44
semodio 14, 67 44 10, 87Ι siccatum 11, 76
semper 1. 13. 13, 6716661611 6, 999 servisse 10,319 siccentur 16, 97
104. 6, 109 11'1sepulcrie10‚146 servires, 41. 10, 184.666111,89 ·
967 979 368 3661666161614,196. 14, 19,]06 6661119919
sie 469. 10, 73 39 16111161 4, 38 . 116666, 147ζ

“ , 666161

 

