10011110111.

numinianum ’ 18. 10, 968. 11, 1·8,16.15,78
1111111119, 11 144159. 18, 911.111111114,69
tecta 6, 988. 8, 77 15, 88 68 tergens 16, 44
1111118969 temporibus 4, 80. 6,1erg01,6 1
1111117, 106 644. 10, 15. 18,111110,4
1111111118911 99 Terpfichoren‘1‚66
1111011184ῡὸ 111111117199. 9,]11 1111118,70

1111111110, 80
Thaida 6, 98
Thaletis 16, 184
theatra 14, 958
11111111 10, 198 918
theatro 6, 178. 6, 65
theatrum 11, 4

tectorum 8, 8 1611111111 9, 115. 8, 15011111, 1141111. 16¹ 199 7111811111 7, 88

tectum 6, 606. 16, 16,49 189

154 tenax 8, 95 · 1111111111 14, 990
1ος111 0, 105 tende 6, 89 111117, 166. 14, 7
1131111115. 0,101 tendit 10, 154 terraque 8, 957

Thebarum 16, 97
7111117, 19. 14, 940
Thebe 15, 6
Themison 10, 991

tege1e9,148 1111611116, 498 11111119, 166. 4, 10. 1811111117,177 ,
1111116610 11111118, 88 15, 94 6,408.7, 907.11,11111111111,4

tegetis, 11111. 6, 8. 7,11111111, 9881 164. 18, 09147

11111111111118, 188

901 1111111111, 81. 6, 657 1111114, 86. 6, 410. 1111111117, 088

11ς114,186 1111811 14, 907 18, 096
tegitll,168 1111111911 1111111114,985
11,·ς111111, 171. 8, 154 1111111118, 998 111118111118, 194

16118118, 071
’1111161118 960. 11, 81
Theseide 1, 0

11ς1111116,056 tenente, 70 111111 9, 95. 6,9164. Thessala 6, 600 ·
tegu1a 6, 901 1111111118, 80. 14, 65 8, 87. 10, 1 979.’11111111118,949

tegunt 16, 481 1111111118, 808 18, 198. 16, 86 ’

1111,111111.10,164.15,11111 1, 99. 5, 70. 6,11·11111 10,857

11111118, 148
11111111, 166

989. 15, 68 589. 0, 46 1111119,60.8,10,9. 8,1,1111ο8 89.18,918.’

tela, 1181. [111111. 14, 61 1111119, 86 17. 14, 896

15, 48

’111111111114014 teneri, verb. 6, 400.111111119,40. 18, 78 11111111165

’1111181115 15, 168 11111Ι 111111, 159
Τ1116117, 05 1111115111.ιῖ10.11,1ε11.111,111 '
1e1i16, 66 916 111118,970.4,181

71111116, 409
Thracum 18, 167
71111615, 86

1111111111,εο teneros 7, 987 61188116616. 1481111111111116875

telorum 18, 88 1111111116,547.8,161111115,36.15,198

11111111115,109 Ι tenet 9, 00. 6, 81 8011111111111 1, 87
1111111111115,199.14, 6,.889 488. 7, 5011111111119, 191

1111118, 79
Thule 16, 119
1811111990. 18, 118

976 511 10, 41 154. 16,11111111111111116, 848 11111119,187
temetum 16, 95 54 testandi 6, 916. 16, 81 Thyessae 8, 998

temone 4, 106. 10,,1111114 981 · 1101111111, 07
185 1111111117,117 “ 1181111111,170

wmmwssassoe.

bis

1111111115, 987 11111,1111.7,175 teste 6, 185810. 10,Τ11111111118, 107

tempestat 19, 94. 18,111111110,805 . ’ 70.15,96

Thyrsumque 6, 70

998 tentarent 7, 54 11111119, 76. 8, 1871111111111117, 60
tempestate 4, 140. 6, tentaveris 6, 196 18, 198. 16, 99 89 111118, 616. 10, 967

96. 7, 9 164. 19, 1111118, 997 1111118, 149. 18, 75 ’11111161111111 .

81.14,809 Τ11111115, 85 78 testib, 5
111111011111111 15, 90 1111119, 81. 10, 969 1181111116, 888

1111111115,49 11111117, 907 118111111111119,86

’1711111111 8, 69. 14, 901
Τ111ε1111111118,966
’1111111116101

1111111118, 147 11111111,1111914111111116111. 11,1111116,818

1111111118,148.10,95.19015101 187

1111111119, 90

19, 7. 18, 87 111111,111111. 9, 85.8,1111116,910.8,80.0,1111111118,68105. 18,

11111111111118, 988 07108. 4, 110 189. 77. 14, 918

πᾞωωθκσωωω 7,mmw,m.1www1wm'

905 145 9 188 15, 508
11111111111111, 111 91 116181111680
temp 1111118910 1111111117, 4880 1111111111,04
1111111119, 88. 6, 194. 1111111118, 7 1111111116, 417

40

Τ1918111111 11, 66

Ti6‘llinum 1, 165

mmmm»

4, 151. 6, 670. 8,111116, 445 1111ς119,198.7,109 1111118946

1451091411,1111111110,140 ,11111111 10, 191

5581 12, ⁶2· 64:8815, 1129 6601 51,1011111111]1103,966

150 157 86. 14, 98 1111111118, 56
tempore 8, 58 109. 4, 111117, 19 Teutonico 10, 989
415 155. 5, 99. werp 4, 198. 11, 8911111 6, 44. 8,48

tigride 6, 969. 15, 165
tigris 8, 66. 15, 165
time 10,96 ·
1111111111 1, 108 ·
1111111115, 57

time*

Ι

 

