-INDEX

vetante. 11, son 1111111 1, 111, 7, 166 111111 15,174
velate 6, 890 1111111111111. 10, 367111111111111 3, 97
111111 6, 359 1“111111110,709 111111115,100
11111114, 177 Venerei 13, st venturo 14, 59
111118, 145 Veneri 7, 31 ventu· 17, 67
1111611111 10, 174 Venerin, 11111111. 4, 40. 1111116, 709 569
1111116,107. 9,1 6, 137. 7, 75. 10, Venusina 1,61
vetit, 111111. t. 149. 790.11,165.16,5 Venusinam 6,166

versun, 11111111. 6, 453.
7.38.11. 180

1111111, prater. 11,41

verterit 7, 747

vertice 3, 757. 5,1ἷ1.
8, 747. 11, 160.
17,81

vertigine 6, 303

10,339. 11,30.17,*811111,1111.13,161 111 6,116. 7, 706.111111116,99

77 venerit 5, 145 9, 51

vertunt 3. 30

11111 13, 176 9111111111113, 170 11117, 64163. 4, 3311111111 16, 87
11111161111,15“1 veniam, nonem, 19 10, 8. 14,740. 16,111111113, 794

11111117, 55 63. 5, 47. 6, 634 33
1111111,1111111. 6, 788 539. 11, 174. 15,1111,11111.8,181
111111 6, 781 tos ' verique 16, 17
veltet 6, 597. 10, 184 111111,111111,3,3771111,11 6, 750

787 11111117, 156 · 1111117, 117
111111 17, -t 111111 1,98. 7, 79 verumque 13, 706
1111 17, 69 111111 1, 37. 16, 77 111117, 168

1111111111 10, 50
verum, nonen. 3, 111.
6, 147 374
11101111111111. 8, 115.
9, 70. 17, 97
vescebamur 15, 106
11111 15, 13

veloci· 13, 90 1111111 13, 107 verba 4, 91. 6, 3901111111, 39

velocius 14, 31 111111113,755 ’ 455. 11,8
111113,73. 9, 176 venientibus 11, 116 verbera 8, 767
71111,1111,7111,61.8,1871111111111 14, 66 11161111 6, 400

111116, 64
Vestam 4, 61
Vestamque 6. 385

111111 11, 198 11111111,61 11111111 13, 194. 15,110110,745.14,110

11117,53 1111111, 160. 3. 743. 71 ·

1111111111 1, 73 5, 168. 6, 331. 7,111111111111 10, 317

11111117, 67. 6, 311.
17,38. 13, 167

1111111331 184 186. 8,49.10,11111117, 19 110. 6,1111117,98

1111111111 111. tt, 11. 11, «intimo

11111111 1, 111. τ,

1111113, 35. 8, 67 777 verborum 6, 4111, 176

111111117,107. 14, 151 venis, 1116111, 3, 797 730
1111118167 1111111 6, 476. 1011111111 10, 71
venalibus 3, 187 “ 716 vetitum 1,161

11111116, 111. 13, 176 11110114, 149. 1031111,1111111.4,88

venantur 14, 67 758 11116117, 71
venator 4, 101 1111113117. 6111111, 7, 1111111111 14, 115
venatricis 13, 80 157. 6, 83. 6, 1171111118, 1311

vestibus 17, 68
11111111 6, 14 775. 13,
744. 14,36 53 ‘m
Vestinufque 14, 181

111111 6, 481
111111 11, 155
1111111 3, 136

11101118,197 474. 7,110. 8, 60.11111,111’11111. 3,18.11111111 6, 516. 17,

11111117, 10 10, 19. 11, 160 13, 134
1111111193. 7, 87 11111, praeterv’t. 4, 8111111117, 15

1111710, 737793

vendente 6, 757 5, 09. 10,71 11111,1.111.]11. 1,76 1111116, '14
1111111116,590 11111, 1 venen, 1171111111,]15]1.9, 10 1111113,718
1110111116,379 111111 vernula ⁵, 105. 10, veterem 4, 57 137. 6,

11111111111,1941111111 6, 138 463. 117. 14, 169
14, 700 ’ 11, 70 111111111,703

1111118711 1111114, 107.9, 136 vernus tt, 78

vendet 14, 718 venti 1, 9 1111, nonen. 4, 91

sot. 13,61
11111111, 137. 3, 11.

6, 334 345 518. 11

170170. 8, 1910,

vendimus 10, 78 Ventidio 11, 77 1181111111. 13, 84 799. 14, 189

vendit 4, 77111. 6, 609. Ventidius 7, 199 1111111 14, 104

1111115, 64. 6, 171

7,10135.8,178 111111111,78. 7, 763 11111,1111111,14,60 11111113, 1 195. 4.

vendunt 6, 616. 7, 136. 111111 17, 34 57 Verrem 3, 53
1, 8,193 vento 3, 83 11111118,106
11116116, 671 Ι ventorum 13, 775 Verri 7, 76. 3, 53
1111117,169. 14, 173 ventosa tt, 58 1111111111 7, 49
veneni 8, 17. 9, 100. ventoso 8, 43 11111118,67
13, 154 ventre 5, 6. 6, 595. 17,111111113, 718
111110 3, 173. 6, 630 60 11111111 14, 706
¹ 11111111 6, 137 1111111116,174. 11, 40, 1111111117, 153
111111111113,58.15, 14,199 , 11111336
143 ventres 3, 167. tt, versu 1, 86
venenantur 15, 8 176 149 1111111 1, 79

106. 5, 35. 6, 14
318. 9, 16. 13, 117
714. 14,37184
1111111613
1111113671
vetitum 14, 181
1111113178
Vetti, vide 111111
1111113103. 10, itt
vetule 1, 39. 6, 740.
11113
· vetu1v

 

