VOCABULORUM.

6161111116,691. 10,186 6111111118, 95 6611111161. 10, 19 808. 6111161111 1, 107. 9, 199
816 161111119,169 18,997.11,808 6611611116 6, 699

· 6161616111,88 66116116 6, 199 6111161111,1111161111111111 661166116118, 180

nun 8, 817. 6, 818. 661111161611111,118 6111161111 16,91 6611616, 10.’ 7, 918. ’
9,16. 10, 60. 16,6111118,998. 11,169 1111111111.68. 11,115. 10,117. 18,167
91 61111118,189 11, 157 6616 6, 168. 9,18.

6111116618.116 61111611 9, 19 . 6111111616,161 10, 199 ¹

6111116,116 61111618,168 6611111616 8, 191 66111119,105

mximam& 66111111, 917, 6611111113,101 66116111111,908

61111 18, 96 6616119,116.10,969. 61111119, 106 661116, 143

61611116, 88 19,81 6111116188. 7,66. 10, Cyane 8, 169

6161161196 66111616, 119 6178. 11, 98 01611116, 90

v cry 111116,106 1 mmmmm. 9,.68. 8, cum, 1111116, 6, 114. 11111109, 41

, cry 111n26,164 6899181601. 4, 7,91 6161611911

cumaeo 9. 6, 167 170 816 611111 6, 999 6111116616,89

61111116,117. 11, 88 180, 1,1101.9,11111111111.111 0111111111111. 111

66111168, 816 8 41 61 111. 10,91. 1111611919 908

1111111161. 1. 111. nm. 1111. 11, 11111111. 6111111111

= 8,116 60.11,99.16,99.66111611111,988 016166111618

, 6661111616,118 16, 511116. 1111111191. 1, 101 6111116161

666110111111 611111161111111116 1, 17 01111619,8.8,1 cygnum& 88

, 66111111 6, 77 9991911111. 9, 9. curin 11, 161 cylindro· 9,61

cucurrit 19,67 8,.88 9311166. 1161161 9, 168. 11,1161119,161 ·
cui 1, 111. 1, 11. 1. 611111111111. 1, 11 11 quw, 11. 1116
11. 6, 166 868 611 6116161613, 910 661661611086 61161611 9, 69
111111. ’1, 911. 8, 61166116, 1119109617. cum 10, 166 0116114601
58· 9. 60 bis 61. 8, 199. 10, 18. 11, currens, 198 0111611161
. 10, 680. 11,186. 19. 19, 87 91. 18, 6611618,810 Cynicos 18, 191
. “19.79.14,106966 186. 11,916.16,1611161110,8.10,86 (3116111167
ι880 66 99 6111116611 11, 981 cyrrha 7,61
. miggnque 6, 111. 18, 66116111.1,6149600 66ἷ1ἑ116ἐ8688. 8,160.
...11111111 {11211'1’111 11, 1111111111
“dms ’11119118 ’ ¹⁷⁸⁶ 1111 11111 m ¹⁵⁹ 11111171819111 n' ’
1 1 · 1 1
cuivis 10, 81 nunciisque 6, 878 6111111616, 976
cuju· 1, 181 168. ’9, 66116161 18, 101 66116111 8, 808. 11, 19 DAls'71, 101 111. ,1,
1141 11311. 6? 11981ὁ {2212'0f's3¹ 111111ζὲ1 ¹²⁵ 1. sd. 1641111811
81. 6, 7 919111666111119,167 66116 8,968. 11,91 111. 16,99
667 679. 7, 78 160. cuperet 10, 991. 11, 6611616116, 77 6111111111,111
11,-16111. lom. 111 11111116, 11, 111 61111 11,,11. 11, 11 ·
19,91.11,911998666111116,668 061116111,31 dubim. 79. 8, 919.
880. 16,18611Ί.66611110,96. 11,87 66116111 10, 186 ⁵· 5³ 166. 6, 918
lem cupiat 10, 860 · 6611119,116 681686. ’1,1690
66]61111616,·66.8,89 cupidine 10,.161 nummum 101171. 111691
66161616, 17 cupido, 1111111161. 10, 6111111616, 961 19.119 196. 13, ·
auhuman ’ ΙΙ118.11,116 6611118,199.18,169 179911
enlin· 8,950 661111111168. 8,11 01111011 111,91 (1111111171 191. 10,
661161 11, 11 6611661986 curvo 11, 86 810. 19,1
culina 6, 169 cupient 1,118. 9, 186 6611111116,118 dabo 19, 90
66161161 11, 89 cupies 11. 18 66161619, 180 1111111111 7,901. 10,161
6616116616,69 66611661106 66116663, 806. 10, 819. 11, 177
11116166, 6 cupi! 6,111 308 ’1111611161 10, 386. 14,
culpa 1, 111. 1, 111 cur 1, «19 111. 1, 11 1111111116 111
6616661161, 1,16“7 69. 8, 80, 6, 111. 11061116,131811.0, 01111116,901
1161161161 1111111111, 11 1111116111
111. 11161. 11, 111111 1111161116 6111111111
81 61111 6, 107 600. 18, 661161166110,111 61111111,191
61111611, 900 917 ’ custodiae, 816 Dnnmfipp68,165

61611111

 

