1Nnnx ’

ieneiieu 6,1 1161111116, 46 gemuemntss, 69 11116661166,66.6,101
1611111.111111111,1,60 1116111666,40 1611111116. 60 1 heminas 1, 180
16111 0, 61 ioeno 1, 71 geneioio 1, 74 herbe 6, 16
fermentum 1, 14 1161161116, 67 l generum 2, 37 11116616 1,1.1, 11
1111613,46 - 1611111146 geniem. 6,151.6,116111166, 161
16111111111114,7 follem! 19 . Heroum
1111111116.4 16116111 161161116417. 6,48 1161611116,100
ferlo, 1111111111. Vide 11116 forcipe 4, 40 genie 6, ’17 hesterni 5, 106
ferveat 1. 116 16161116, 107 genuinum 1, 116 - 6666111616, 59. 6, 66
fervebit 5, 9 1611111611. 5. 166 Gernnne,² 6, 44 heus. 76
1611611116,17 50:121.ss 106 1154111116, 49 1161111,17,6,94
1111111111ζ67 ³. 109 genn 1111 11111116
16111011 6, 116 1611111116 1, 46 gigni 6, 86 hiantem 6, 116
1611614, 6 ionumtique 1, 69 gignimus 6, 67 hirmin S, 77
1111116, 171 161161 6, 111 11111166, 111 hoc 1111114, is
16111 6, 69 111611 1,,69 Glyconi 6, ’9 116111ἰυί16, 116
§decaniis 11161611,16 [1161170 1661166111,1.6,1196
1111, 66 1111111616166 (1166616, 191 1161161161.74.6,5
fibra 1, 47. 1, 46. 61111166, 61 6111611161,117 honore Ι, 119 ³
19 , frangimini 5,oe ’1111161666 1111116,46163 1
1111116111 11111611, 116 - gnua 6,.15 161616111οόῄῦ ¹
66016160 116161111,160.1,69 1111111111,110.6,15 11611116111111,64 ’
fidelem fregitl, 115 gnndei,14.5,7 “ 1161111165, 11
616111 6,11 76. 6,11611114.3 , 1 grinde· 1, 661, 49.11ο11111,6
186 111161116109 . 6,166 0011611166, 16
ζ fidelibus 6,,46 ¹ frigescant 1, 109 grandi 6, 66 1111611113, 72
6116116111. 1, 6 frigidm 6, 46 1111111113, 46. 6,11 'humero 1, 90
fierent Ι, 106 fronte ⁵, 116 gravei, 11 1114111011, ³2
6116, 151 stentem 6, 104 gravem 60 humilesque 1,6
1 fiet 6, 66111 frontemque 2, 11 16111619 1111111113,11
figee 4, 3³ , fruge 6, 64 Ἰ gregihuefflh hunccine 6, 165
figentes 3, 60 nunni, 63. 6,71 1111ςὶ161, 16 hyacinthini 1, ³2
figit 4, 18 1116111 6, 116 gurgulio 4, 36 ’ hybernique 6, 7
6111116, 73 iuge 6, 66 gustaverit 5, 166 Hypfipylie 1,81
figurae 1, 66 1115116, 166 160 guttis 1, 64. 6, 14
11111116, 69 1111611 1,19 · guitur 1, 17
61111613,9 1111111,711 Ι [1111616197. 6,6“
haemi , 1111166,146 1.
finem 6, 66 11111165, 10
finemque 1, 46 fumosi 1, 71 ·
, ’6111664111614 1611610166, 70 11. v 14‚19.5.125
' 11111166, 161 11111161,3 , 11111117
61111616, 80 fundo, nonen. 1, 61 jacet 6, 19
fissi 6, 70 · “ sanemini), 118, HABES 4. 44 11611164, 16
61111116,14 16161116, 66 hehet i, 60 111.1161116,176
116,θὸ ¹ 11111116 116. 1111 ’1111111616
· numi 111111. 11111111 ‘jannem .
6111166,111 herent 6, 111 11111ρ11116613,97
61166111 1,116 1616611111. 1, 11. 6111116111 (nso
flagellas 4, 49 06 41 66 iungi„ 56
6116116, nomen. 3, 61 G. 116111, 111161, 19 11611661, 16
· 1116161111, 47 1111111116,69 idem 6, 66
’ 1111111,1111 11,111166,164 11116616
flaminis (1111111116 “ 11111111,6. 3, 66 6111611115,10
ῖ16111116, 176 gannitme 114. 4, 19. 6, 66 jecorem-hm&
6116161,64 gaudere 1, 161. 6, 66111111 mora 6, 171 igitur 1,96.1,11.4,11.
flumine 1, 16 geufapa 6, 46 hebenum 5, 135 6, 111. 6, 46
1661 6, 26 gausepe4,57 ι hederam 11661116, 116. 6,46
1666 6, 1 gemini 4, 10 helicone 6, 7 ignoscite 1,11
iocus 1,71 1111111615,49.6,16 6611661111111111 114 ignotae 4,84

igneeiiie

 

