‚mnssx 1011111011111.

veterem ⁵, 116 11111111 5, 171 11114, 41 ’ vocum 6, 6
1111111 5, 99 111116, 56 ulmo 9, 6 11111 1, 91
veteris 6, 66. 4, 99. virgine 9, 70 ulterior 6, 41 16165, 6481

5, 59 1111 1, 65 1111113, 15. 5, 69 1ο11115,84
veterum 6, 6 11111113, 99 111116 5, 179 0111111111 5, 69
11111115, 99 1111111111 6, 66 umbo 5, 66 vomuere 5, 161
111111,119 ι 11111111,96 1111151194 16119, 69. 6,ae
vetuere 9,46 “ 111,,11116111 1, 50. 9,111151116,74 1ο115,109
vetulo 1, 99 19. 5, 144 111115, 75 111113, 49
11111 1, 97 1111 ests, 109 uni. adverb. 5, 50. 6,1ο1ο 9, 7 95. 5, 59
11111115, 65 11114, 47 99 urbm 1, 114
115111 4, 49 , 11111 5,6494 ¹ 11111111,40 11151 6,96
vicem 4, 49 11111115,6183 11111119,1ο9.4,17 1115111119, 64
1111116,110.6, 14 11119111 5, 107 1111161115,160 , 111ς116, 67
1111111946 ⁴ 1111111115,97 1111111930. 6,16 1111115,115
1111161115, 107 1111111111 6, 40 unctus 4, 63 11111Ξ6, 99
11111111 6, 67 1111110 9, 65 1111616,64 11111119, 60
11611,106 vitio 9, 66. 16, 69.11116116,66 . 1111111970
11111116,611 4,16 1111111, 73 60 61. Ι,1111111 1,96. 6, 15
1111111 6, 119 60.. 6,1111111111 116. 6, 91, 194 11111115,99

94 ’ 1111116, 6 ’ 1111611119, 59 1111115, 59
videmus 1, 69 1111111 1, 100 ungo 6, 66 69 11111 6,99111
11611,19061”1 11115,159.6,95 ’1111111115169 1111116, 70·
11611991 , 1111111,961. 9, 7. 6,1111111111,65 106 . 1111111119, 19
1111115171ι 61.5, 64104169 unguine6‚40 11111111 9, 66
1116,66 11111111,104 uno 1, 66. 5, 46 56111116, 19
111116, 100 “ 11111169. 5, 159 70 · vulnm 5,4
11111119, 46 11111111 4, 46. 5, 56 1111111115, 46. 6, 5659 1111111114,44
vincique 5, 69 11116, 61 unm 6, 7 ’ vulpem 5, 117
1611111151 decerpite vivo,⁶,sl 11111111 vulpenniusb. 1⁹⁰
1111111115,66195 11111116,9 , , 11111,19.5,98 1111111115,40
1111011166 1111011117 t vocet, nom. stol. 11.71111εο,73
115111 1, 40 11111 6, 54 5, 1 96 1111114, 66 ,
1111115,169 11111116,116 111115, 171 111111,74.9,14.6,43 ’

Τη11 J. compton, 1111111111 SM.
eloth F 111, 11116011.

 

