κ10111110111111.

11111111 8, 79 urgente· 6, 94 587 Asturii, 1161 Asturis 11116111. 10, 818
arbitrio 19, 177 utentem 11, 198 81111111 8,99 1911111111, 658
115118, 16 1111111116111. 1111118101 1811111118, 48. 6, 586 ’
arbore 11, 117. 14, 80 8, 198. 9,141. 10, 11116, 409 8111111, 1111Λο11111 8,
arboribus 19, 105 19. 11, 41 108 5111111111 4, 197 919

11511116, 544. 19, 89 1111111919 · 5111119100 Asylli 6, 966

11111111 14, 144 argentum 1,78. 7 , 188. nundinis 10, 91 ’11111 8, 978

1111, nonium. 8,148. 9, 81.·19, 46. 1611111111. 116111·111,50.8, 184946

7,8.10,95 69991 mipex 964. 4, 190. 6,
1111,151.1,90.8,181.1131111119154 111116111,89 369 668. 8, 59

6,869.11,96. 14,11ς11111111,105 :conamen 181 867. 9, ’97

959 11111118, 138 11111111, 97 ’ .185.10, 197869.
Arcadico 7, 160 11ς111117, 169 111111 6, 888 11, 190. 15, 180.
arom 18, 74 1191111119, 85 11111111 9, 99 14, 189
areana 9, 61. 18, 78 5111111114, 117 1115, 56 1111118, 819 v
1111111,15.’11.15,141 111616,148.14,61 5611116956 Athena 7, 905. 18,’ ’
arcanam 6, 549 , 111111 14, 188 891111 7,14 197
111111ο9, 196. 14, 109 1111111 14, 147 Aimorum,vide1¹heoe· 5111111115, 110
arcanum 9, 116 Aristotelem 9, 6 61111111 Athenis 8, 80. 9, 101
aree 8,199. 10,807.11111 9, 159. 8, 194 111111ςί 11,69 athletis 6, 865 1

14,87. 15,146 989 910. 10,961.11111111116,89 Α1111110,174
arcem 4,145 14, 5. 15, 191. 16, 11111114, 148 11111111 8, 89. 18, 48
11118111 11, 17 48 aspectu 6, 460 ,41111 11, 94 .
1111111111ιί7, 985 mammutius, 88 11111111 tique 1, 66 “67 115
archetypos 9,7 11111111 7,11 11111111114,4 199 180 184 144
Archigene 18, 98 11111111 16, 84 1111111116,104 150 171. 9, 15 81
511111ς11116,985. 14, armatii 6, 158 aspexit 15, 71 88 61 611.

959 111111ο8,806 aspice 9, 166. ’5, 80. 11111611, vide 1111611
111111111169,109 1111111119,101 6, 960. 10, 198 1111117, 78
amomis ’611111118169 909. 19, 61. 18,111118,51
1111 10, 186 5111111116, 406 76. 14, 975 11111 7, 7 91.’, 8, 90.

1111116578 Armenius 9, 164. 6, afficere 7, 68 , 14, 65

zicus 9,11. 18, 89 549 1111111116, 56 “ Attidem 4, 65
1161111,46. 6,908 11111111 14, 147 11ρ1111114,69 ,11116116659
1161111116, 617 1111111118, 109 1111611611 10, 941 1111111919
11615118901. lom 111111111119, 106 1711111111 16169 1111116, 849
ardens 1, 165. 6, 198, armigero 1, 99 81111111 10, 959 1111ς11114, 196
11,6155.18,14 5111111114, 58 -111110,116 Auellanam ι
11611111,166.6,189.1111114, 98. 6, 963 11111119,48 11111611 10, 961. 11,
14,809 , 991. 8, 59 900191416111900 16
ardente 14, 118 991. 11, 106. .18,111111114,908801 1111116116,66 ’
ardentem 11963 168. 16, 155 1111111118144 atteritur 16, 50
11611119,165. 8, 984. 41611118, 987 945 111111, mm. 8, 945. Attiou· 11, l ,
14, 99. 15, 81 1111116115 7, 189 attigerant 8, 959
1161111511 19, 99. 15, Armatae, 170 1811111 11, 145 attigit 14, 106
59 11111, 191. 6, 496.15161114,118 monuique 14, 986
ardentis 1⁰. 1⁹0 10, 111. 11, m. affinius), 11 atinum, 11
arderet 4,199 19, 61. 14, 84 18111111 18, 179 11111111 14,96
11611 9, 70. 8, 915. 1111116, 451. 7,177 1186111 5, 95. 6, 947. 11111111 4, 77. 6, 815.
6,141.8,96.10,69.111114,101. 6, 594. 6948 7, 87
15, 85 7, 86. 8, 224, 11, 111111,11.1,119 attonitamque 11,197
16116316 mo nffifluoi 8,8 monitis 8, 989
1111118, 55 11111111 8, 91. 14, 19. 1111111 16,167 attonito 15, 18
1111111,157. 4,100. 18145 , 1811111111118,55 1111111111 4.146,18,
8, 906. 14, 999.11111’11111114,116 81111119, 108 194
16,647 11116111 18, 154 111 8, 69. 6, 67. 8, 1111111111 19, 91. 14,
1111118, 84. 6, 91611161114,18.10,988 46. 15, 78 165. 306
950 unificum 11, 109 16, 48 1111111 18, 949
arenam 9, 144 11111 6, 659 181116, 19 11111111 6, 108. 8, 16,
1111111ς1118, 18 11111115, 79 11111111 10, 88 11111118, 75 ,
’ Ε. . mi!

 

