INDEX

4161111· 17, 90 4161111161 9, 109
fictilibus 6, 4644. 10, 4111111 14, 35
96. 151 197 fisci 4, 55
ficum 44, 116 646111 14, 960
,ὴωἏΉ
6161614953
666110, 115 616 1, 156
11316, 544 1111161111
fido, 116111. 15, 114118 61311115, 154

6111 1 , 100

611115,144.13,6 6111111110,180.14,19 14, 64

fldem4:,³ 51 61131666, 478

„ ¹ ξίὲιεημυέηέῖο, ,100 flagellum 1698151 46111117,195
1, 111111

61111, 115. 9, 8. 6, 6111116115, 944

41118, 04.15,940 4oecundn6,464 ³
, mundarum

46661 19, 85. 15, 85 hmid'n 15, 106. 15,
foculum 6662 44
46611111 5, 97 4611116416,161466,15,
foderit 9, 45 45
4ο61641111,6,185
4661ῃῆ676161 10, 551
4666611616, 176. 7, 98 4661615, 309
1616111119, 56 4661161110, 89
41641534116351460. fornices, 156. 11, 171
, 4616161140, 939
46164, 7. 10,95.11, 50
4614111614 19, 195
6mnfflsm.s
115.14,169.14,34

411311 14, 159

4111111614,14 .
4611118, 188

559.15,69.14,1661113115175.10,109 4111111119, 89 995

6111111116, 587 fla ς,1111141 114
6111611117, 139,61“3161ξη11111,159
Am.
64116116,559.10,306. 6111111115159
4 15,110. 45,155 6611111115189
, κ aguas), 169 flagnntiorlss', 11
² figamus, 78
6111111117, 718
63111, 95
66696
figebat», 100
636115661696
‚figens 14 979
6 31611114, 9 68
6311189
6 311114, 155
figuli: 10, 171
616an 540 -
61166114135

, 6161161610 554
1116116136
F 1161611611 61

flammat 8, 958

finib, 115
11111614, 87
61166,190
611111 10, 30

’ 61118, 1106, 159. 9, 00517115, 84

61611115,144
6116111116, 940 61611117, 146
6116161116, 589 6118101
61161619, 83 Ι611615, 186
6111113,111189157.71116666 975
7, 18810, 996. 11, 70116, 499
15.6,6.6,616’16
4111111, 90
61,67 184 flexus, 937
4116615, 987 F 1611 9, 49
61117, 941 716111 14, 969
. 61111116, 445 596 654 71011116, 949
73188 10 163 13 1166111618 99
941. 14, 190 6611115,50
611118, 965. 14, 149 7015, 56
611ς119,146“ 6046611119. 197
1ψ1616 6ωωο,6
613161161538
6631111616, 655
fing it 18, 189
61111161 19, 19
finitimum
661161,117
finitum 11, 150
6611111,6

63. 14, 96

59 68 94

fluctuque 74, 996
fluctu: 6, 99

fluminis 15, 7
fluxerit 16, 69
61111 6, 994

flagrante-14, 945
0161119 ,.194 6, 994 4661161119, 53

6111616115, 985 4116611111,1048183
1116161170, 966.11,41111619,140
61111116, 555. 15, 164 411111 15, 66

¹ folle 44, 981

- 46111115, 15
, 46119,596,68.18,155 1611161405
16116118, 88

11161611,94.11,80 ,894
61161615,31. 70, 177 sormam 10, 989

4661111111 5, 170
46611 4, 66. 11, 79 formidatus 6, 558 1116317,97

6661 mffiwmssmfl
4161111617, 5. 14, 44 13,108.15,15 ’
41161619, 886, 60 461113 978. 6, 647. ,

941 595 561 458. 7,93.9 11,119.13,

9,94.10,598.15, 917 ’

199 46111166, 97, 10, 357
4611119,149 -
Ι’4111111111111116 945 fortias, 57
41111111, 70 4611161118, 799
4661116341 461ἷ1561ἰ161999.19,66.
4666111661 8 14 4611114, 8. 16, 59
4611111111 13, 995
4ο11111113,40.6,986604.

1616Μ1
666.6 .66666,
4611111 14, 78 816398
46111116, 464 166111,11111. 6, 599.
76116118,196 8, 74
fom’mnlosm 174.
666,6 6,666.6,6.
4611111111 15, 95
4611111111 1561 4611111116 10 ,.75 16, 54
111.16,119.11,11 4611661114,115
466116, 985515 fortunatum 10 189
8611111613 44 46161613, 919
1611111461 1616111617, 139
1611151117, 59 404419, 40
46061 11, 80

46111 14, 167

4661615111 10, 131 sorem 6 467470
sommo 4611618165
46111647 4116119,711. 4836 6,
1611111119, 85 , 591617. 10, 154.
11, 18

461115, 196. 9, 77 fractis 44, 464 995
46111115,61.6,177.10, fractum 5, 1111
41111119.169.,8,88.14,
46161,15711.6,105 46198

4611111 10, 997 fraga 13, 57
411311116μ831

411 ξ11119, 8-8

fra} 6111, 195

41161 61111118, 79

formamque 6, 945
formica 6, 8611

41163186

 

