 

111111101111.

ἺΜΒ, 147. 11,1111111111111116, 118 1111161118,9 · 1111111111, 97

1 1116111116, 914 fumusque , 190 ειΙοι,111111.5,164.6,
11111μ118,18 11111116, 68. 14, 11911111111111, 99 109. 9,106
1η11310111110,100 16, 79 10111116, 149 311116, 261. 11,6
fragm 11111. 11,,111111. ι1, 111 111111. 11, 11 , gulam 1, 111. 1, 111.
11111ς1111110, 116 11111116,110 1111618,106.1,111 lm& .
1111111111 1111111111, 141 1111111119, 1. 11, 1661111111 6, 911

fungi! 6, 479. 7, 919111111111119, 16 199 galenum 1, 169. 11,-
fmgimn, 189 1111116,118 1111111114,109. 6,199. ,966

funguntur 10,⁶0 1111111111, 71 1191116, 191 1111116,190. 6101
[1111161111 4, 96 1111116, 76 11111116, 161 011111. 105 196 ’
1111111 1, 167 1111116, 161 1111111111,116 (11111 1011
1111111111 1111111111 11111111, 11 ,11111111 11111 2
11111111 1111111 , 1111511111 Gulli‚m.prop.⁸,1⁷6. ¹
1111111111 10, 960 μ, . , 11111111,146. 6, 48. 9130

1111111111 ῃ ιο,111.11,11.11,1ι111.1,11111.11, 1

snm 11, 111 ..μω uf 111 111

11111111111.11.11111,1..,1..1..ι1. 1,111..1,11.1,11 1111111111, 111. 11, 1

1111111011111 sug-mu, 111 111111, 11. 1111 111 ,
1111111114, 109 fugerunt 9, 64 1111111111, 610 11111119,91. 6,194.
{regmnt 6,199 11ςὶ11118, 19 61 11111116, 614 11, 191
1κῄ11,11.14,11 rugum-12³6 111111, 111 1110111111·
11111111 tmen· 11, 11 111. 11, 11 [gnum 1², ⁹6
sumt 1, 11 fugientem 1, 11 1111111111. 1, 111 1011111301
1111111111 (nummu, 11 fumum ⁰²¹1121121¹³
1111111111. namqu 1, 111111. 1, 111.. ι, 11. 1, 11. 1610111199
mmm 11, 111 111. ιο, 111 11. 11, 111111. 1161111111. 111
1111111111 11ς1111119, 174 36100 0111111111011111, “
{rimu 1, 111 fugitivum 1, 1ο funin 11, 111 1⁴⁴
mrim, 111. 1, 1111111111, 111 1111...1,1ο meon, 11

6, 9. 14, 800 11110111 6, 641 lum 19, 104 Gangem 10st
frigidior 1, 1ο 11111, 11. 1, 1111111111, 111 gannit 6. 64
frigidus 1, 111 4, 111. 1, 11. 11111111, 11 0111110111. 119.
1111111111 111 111. 11, 11111111, 111 19

11111111 ιι, 11 111. 11. 11. mmmmm 111111

116 69. 14, 99101 11111116, 46 1111111119, 99
1113111111· 6, 919 11111116, 99 1111111, 111 3111116, 196
fritillo 14, 6 futorum 11, 91 11111111 mim 9, 16
11111111, 189. 6, 19111μο111. 108 1111119,98 ςι1161111116, 917
1111111111, 1 1111111111, 111 1111.. 1, 111 ,1111111 111
1161198199. 11, 961011111101910 11111119, 61 3111111119, 196. 10,

frome ,44.6,101.11111119,49 1111111110,966 6119, 91

9. 9. 11, 906. 1³,fulgun 6, ⁵86· 19»111111116,79. 6, 166 (1111111119,ἣό

111. 1111 111. 11191 ,1111111111 11, 11
frontem 6, 615. Ι, 906. fulguri« 19, 17 puderet 11, los

13,116.14,66 111ρω19119. mamma& nmo .

frontemque 6, 661. 10, 160 ¹G [111111671109106
19,6 . 11111117. 997 679 419. 7, 101.

116111111991. 11, 1171111111118,146.7,166. 10, 999. 19, 199.

mmm 11, ⁷⁸ GAnus 1, 111. 1, 11, 11

1111111111 1, 11 1111111119, 99 16, m padi: 1, 96, 6,191

1111111111, 111 111111111,110 enumquam, 100 911101. 1, 41. 9.

1111111116, 14. 7, 1091111117, 169 6161111110, 1 19. 10,11904. 11,
6,6 · 1111111116, 196 6111111111, 161 41 ·

11111111 1, 116 1111111111,Θῖ Gamla 10, 169 ’ 0111111119, 66

111Ιτ9111186, θ 1111189811111, 111 Gaetuhque 14, 218 θιυῐιη 9, 51

1Ντ1 ³, 161· 4, ,1101111111 1, 1561 3,1ω Gaulum ⁵, ⁵9 ‘dmm 6,ss Ι
14,111 1111111111 011111111111. 11,,1401111113, 190 Ι

1111111111, 49 fumos, 149 0,11.1,1,8,399 gelidaque 1, 61 .

1111111117,171.1431911111111116, 110 f 61111111, 104. 9,1 gelida 7, 906 ω s

1· μ tque

 

