VOCABULORUM.

7611101101 18, 178 11111111, 66 stridebat 4, 48 1011111111 6,197
16011111, 181 1110111111,76.1111610101014880 1011111010 6,410
{pectet 6, 361 11101011,166.6,990.11111111111,160 1016111116, 78
1600011111014, 81 8,8 1111601014, 88 . 1011111111 14,881
1600010018,98108 1110111017,10. 9,181 1111110111 10, 61 1011111118, 11
1601110016, 8 11101118, 981 11116 1111018, 868 1111111111ςὶ1 6, 488
speluncam 11111,8,188’ 1111116118148 101111110118,149
160100011619 111110 018, 890 1110010118 186 1011111117, 198 ,
16111116, 880 110118, 980. 6, 604,0100101101,180 1111011016, 649·
161,111111101417 7,185 1800010010, 809 subvexit 6, 89
16011111,68,6,106811111116,878 11011117,17 8011011110, 166. 11, ,
387.10,807.18,111110110111,4 1101101007,1 111141
884Ι 14,6 81111017, 88 1101111,17.6,48 80101108,6.5,106
1601118, 966,19,1901111017,196 1101100114, 886 111001111011,40
1611111011 14 34 1111οι 10 68 11061116, 87 1000111,76 ,
spu 1, 184, 6, 166, 1111111111 1,,ῃοῦ 148,18,1106111816 10001016, 84
7,180.9, 186184 118 ”11061118,197 10001016, 678. 9, 50
141. 18, 10. Ι1,1111111111118, 1 1 11060114,118.18,1641000100118,169
778⁹:40mm2108 40 8161109, 110 succinctum, 74
1611101118, 18 8110101118,118 10111010010,880 succingens, 444
161118, 808 1101601014, 64 1011111118, 808 1000010106, 448 . ³
16101118, 41. 7,111 11011111,110.,6191 10111119, 1111, 1011014110110141
1611111169, 67 11011117, ’,49 19 97 1011101141, 88 10111011,16.’1.0,258
1611101011, 1117, 906 01111116, 110, 10,1461011114,986 10010111011,88 .
1610161468 1101100010 1011001111,148 10111116,419
16111111, 101 11111110· 16, 6 1011001118,17 11111118,108
1601111014,867 1111111101 10 886 1016000011, 16 10611118, 186
160111111 8,194 01100010116, 46 10111016,748.14,8081111114,188 ·
1601111011, 46 11111101, 17 10101111οι16, 8 1111111016, 847
16011118, 809 · 1111111110, 888 subernun, 60 1010116018,910
16011116, 909991 stetit 1,148.6,8691011111116691.7,,8410110110881 ’ 1,
16011008,100106 11, 91 14, 88 1001010114 888
1600101010,939 8111110101 10, 887 1011011118, 88 [offecerit 1⁰. 88
16011116,5’11.7,01 111 60111110, 108 1011001006, 811 1011101111, 818
16011101, 78 1101101116,108 1011,101110 16 1011111119
1600111116, 86’ 1111111115, 79 101118, 60. 6, 418. 1001010116, 80
16000011, 800 1111111118,188 14, 881 1001011111,811
16001018, 111 0100110014, 84 1011111, 144 sufficient 7,187· 9,
sponte 14 107 1111101117, 80 1111111118,167 146. 14, 800888
160110111,96118188.111111010110,889 1011118,878.6, 619 10110118,166. 5, 7.
0,.848 10,40 18,1116011107,166 1011108,169 1 6, 88 9, 66. 10,
88 1111111117,184 1011101116, 66 40 168. 18, 160
810’1’,0118 181 1011111114,10 168,14,141 172.
810101827, 66 1111111118ι 801 16,169
1600111111 9, 86 81010018,116.111,111111110004,188.1810160001 8,118. 8,
1600110111011814 108 18 811. 11, 6
16010016, 608 1101010110 8, 884. 6,,10111116 88 1061101108, 148. 16, 60
160111101118, 17 100. 11, 188 10111606, 10 suffragi· 8, 911. 10, 77
1001111618,11 1101011004,οΊ 101110101087 11118,194. 10, 198
100111110111, 80 1100101011,49 1011111111 7, 88 1011101114, 88 .
{quallonmque 11, 186 1106006018861 (0111011018, 868 101111, 88. 14,807
1001111104,81 1111οῃ111 10, 18 1011101101 11, 84 1111011 14, 841
squ1112 4, 81 1111118,68 1011101111,188. 18,7810100 14, 110
11111111 7, 886 8111100111 8, 99 1011101018, 888 sulco· 7, 48
1111118,100.11,118 1111100110,176 101011100118, 44 10100111, 167
1116111 18, 81 81111118, 70 1010101108, 816 10110118, 168. 4, 48
1110111118,51. 1001111061111101, 187.101106118,116 1011011 18 141
14, 848 14, 18 1011111018, 88 8010001016,186
1110101118, 66 11601110 111 6, 400 1011111117, 46 86 16,10016, 888
111017,148. 11, 170 100111,1111,111 1444 ”.1011018,66 8, 66

1

111110 ‘¹

 

