‚„1NDssx

1 61101100116,191· 6000117,176 6001101589 606117,116.8,968

6110011116, 164 docem 18, 189 60011101 10, 109 dubiam 11, 179
6110000107,44 600001117,168 ' 6010110107,77 6061658114. 14,111
6111106111 14, 805 600017,150.14,987 domoque 18, 906 60611 18, 194
6111101111018,916 600016, 981 939. 7, 6001016, 8 994 811. 0111115,91
diffimilemque 10, 199 991. 11, 18 195 10, 7. 15, 159 6061118, 805
6100111018, 18. 15,68 6001101 11, 40 60010014,40. 11, 189. dubitabat 14, 48
61160101019, 70 600116, 444 ' ' 19, 87. 14, 69 148 60611101 8, 194. 9,
6116010101 16 9 1100167,184 989 110
6111101119, 97. 18, 199 6001100107, 915 60111011, 7. 8, 10187 606111101 19, 900
6111111114, 198 6001011111,187 919 991961. 6, 66. 60611118, 186
610117,1191 6001011, 66 57 6, 111. 7, 41 181. 60611119, 99
Ι611110611115,80 600011 116,111 81, 100. 10, 999 6061111011 1, 60
6100060106, 597 dogmata 18, 141 84911, 99 169.606110011101,108
611101 11, 96 Dolabella 8, 106 18, 160. 14, 810 6011111115, 89
610100011011897. 14, 60111611 8, 948 601001 ,1001110018118 6061101 8, 919. 19,

989 1 60111019, 67 6, 85 997186. 10, 97 168 .
dlllimll8,164 6010115167 914.18,180.14,6061001 7,110.10,
6111011110, 919 6010181109. 11, 188 959 89
6104, 61.5, 16116, 6011161, 180. 9, 58 600100οι8, 79 60610114, 196

9. 8, 87. 10,91814,3108 60111,111111011.18,149. 6001066

14, 87 6111015146· 161,57 600111, 99. 7, 987.
61101118,968.6,956. 6010110,815.11,69. 60111, 10161101, 7, 95. 18,159

10,8.18,186. 15, 18,19 11,189 6001110119, 119

44 6010100118,181999 60016116, 911 6011010147
6111101,051111.7,155 1101011 10,815 6001611011, 55 6000010168
61101614,148 60101119, 90 6001061 6, 909 6000061 10,910
611011010, 968. 18, 6001116, 984 donandi 6,111 ducendi 6, 2⁰0

104 “ 6001011101 9, 17. 10, donant 4, 61 600101017, 199
6111011001 7, 179 95. 14, 84. 16, 61 600110 8, 8. 9, 19 59. ducere 19, 9
6110111001015, 79 60101 l, 190. 9, 81. 10,91 60001115195
611019, 60. 8,940. 6, 8, 166. 6, 151856 6000015188 duces 1101100. 7, 116.

118. 6, 161469. 461. 10, 05.11,6οο118,188.11,856 8,19

7,90.11, 176 117. 19, 10 119. 6001101116, 518. 7, 600016, 589
6111018,’907.10, 195 18, 57 ι 986 “ 6001601 6, 89919,

855 (1001111018, 808.,.6606 60011111, 59. 15, 86 108. 15, 10
61110114,191 8, 988. 9, 80 1100015190 600101017, 49
divinorumque 16,111 6001110118, 98. 6, 876 6000181, 915. 7,75. ducit, 1111111011. 9,101.
61111111, 111). 6, 999. 876 14, 995 7, 91. 16, 58 -

10,94111,8919 60101006, 499 699. 00111114,10 6006006011, 6, 98
6111111110011, 119 9, 78 17011618, 91 600119, 81. 6, 937.
6111111114,185988 6010101106, 80 6011111116, 875 14·, 188
6111116018, 68. 6,.581 6011110116,1899 60101018, 941 610111111, 146. 6, 197,
- 11, 190 66111101. 9, 48. 4, 46. 6010111011, 77. 8, 196 10, 661
6111105111 6, 617. 6, 491197. 10, 969. 981. 6, 116. 8, 11 60011118, 916

9,109.11,166.18,11,68169 600011011, 17 duell 10, 861

911 6001111100οδ, 79 60110119, 97 60011116, 91
1711010106, 115 6001101111,61.11, 19 6010110016, 89 6001011810
6101016, 4819 ' 17 60110119, 60. 6, 84 60000119 65. 1596
1711011161, 899 6001100 6, 71 8199 898 606011 9, 199 817.
1111001001018,81 147 6011011019 ,985 6, 968 10, 888
dimisa, 108 dominos 6, 4. 8, 65. 60110 19, 109 ¹ duelll¹1,164
61111111, 161.6, 568. 4. 111 6011 6, 188 168. 14, 601009,88

8, 80. 16, 99 6001100109,198, 981. 991 6010061007, 8984

, ,6111100115 1118 4,59. 6,1.1,.1168161 60111119,117 60100016, 88

61111104, 816 9,16. 10,118 11111108, 998 60101015,189.19,1

6111110110,194 60011001 5, 187. 7, 0101010108, 40 dulcique 18186

611114, 6511197, 414. 179. 11, 145998 11101018, 911 6001010607, mm.
8, 944 ’ 0001110998 60106, 90 8, 969. 18, 94

6071, 166 domitique 8, 61 60117, 6510, 80 d
110

 

