19911619191.

respicere 10, 976 1169119 6, 609 Romu· 10, 199. 14, rupto 1, 19
1911119111 9, 166 ridente 9, 19 · 160 1119119 16, 67
1911119117,141 1119116,349.’9,191 1199019911,104 11111106,46.6,19.14,
respiret 14, 98 11699 9, 100 rofa 11, 199 66 ι
111 111119, 991. 1,1111113,119.11,11 1111119911 11111919
99 1161691993,163 19111910, 191- 111196, 66 ,
191ρ91161119,,199 161111191116, 191919,61 111119 11, 96. 11, 166
191 1119 6, 664 ’ rigidas, 199 19191114,194. 6,146 199. lm
9, 991. 11, 911 1111111991 1111119911 1111111111,
restemque 10, 56 1111199, 97 19191 10, 69 1111616,164. 10, 160
1911161196, 90 rimabitur 6, 560 191119 6,«449 1119 14, 141
resupinat 6, 119 1111119 3, 196 toti· 10, 176 11111111 7, 114
resupinati 6, 116 rimu 9, 106 ruant 6, 77 11111199 6, 66
1919ς9111116,977 rimosa 6, 970 11161111 6, 39 111019119967176. 9,
retia 9, 146. 6, 904 tipus, 117 1169111117, 196 60. 14, 96
11111111, 91 sipi, .11. a, 911, 1111111111 1991 111111 11, 999
11111111. 11, 19 99 111111,111.1,119 ,11111119191991
reticulumque 9, 96’ 11ρ11111115,106 1161119968 1111111196,696. 19,106 -
11111111 9, 111. ·19,111119,11,19,111 rubeummo 61119 111691
901 11111111 6, 71. 7, 219,111611111119“19,146 1111111911,9. 14,16 “
1919191161 6, 619 13, 56, 16, 16 1161911696 6, 494 Rutulum 1, 169. 7, 69
1999191699, 110. 6,111119 10, 47 uberem 19, 949 Rutupinove 4, 141
1911111111 11111191 11111 1, 91
19991196, 911 ritu 10, 636 1116199 14, 199
191916 9, 97 1111116,994 1116111111, 79
meni 9, 901. 4, 69.11191916,116 1111611119 4,106 “.
1119111991 1111111119199 1191111900 s.
revocabat 9, 90 1111119 6, 917 memet 4, sl
1919991191,97 11116499 1119191119,107 -
1111111119, 111 11111, 999 999 mdc, 111 ⁶, 118 5696671611ῡο ¹⁴,
191999914,991 11193, 966.16,69 1040107, 171 96 ¹
revolvas 8, 979 1119111116,61 1949919611θῖ 3411411411 31 1⁶9 ⁸
191194,106· 19691910,146.19,9 1119411171 8161113.85.6,169
tex 1, 196. 5, 14 137. 196919 6, 19 rudi· 11,10⁰148 8961111910,999
10, 946. 14, 966 1969019110, 197 ruebant 6, 617 fuci 14, 969
111196111111111919,197 1969691119,907 1119191116, 99 1999111119 11, 97. 14, .
169613,10 196115,169 . 1111119111 7, 919914 196 .
1691114110 raphat 6, 966 1ομ 19,916 11991119 10, 664
rhedarum 9, 996 1919111911 9, 910 111196, 149. 9, 9 imno 19, 939
11691196,170 rosanti 6, 669 rugnm 14,9396 19999699 4,10. 6, 649.
11191911, 44. 9, 76. 7,1ος91119,7674 1039119199 · 16,141 ,
198 1111111999. 14,609 1111111169 11919 9, 196. 6, 996.
11191919 10, 199 1919111116, 144 9111118.196.11,19 19, 116. 19, 107
111111111191.1111911119119 111111 ιο, 191 99111, 191
16919199 6, 467 1911199 7, 919 mmm 9, 190 199111 18, 69

169191199,7, 179 193919, 114 mit 10. 966 sacramentorum 16, 66 ,

rhetori· 7, 917 rogi 16, 140 rumoresque 6, 407 19919119 6, 469
1619999196 7, 190 cogn· 10, 941 1199116999, 111 191119, 19. 6, 99. 11,
Rhodios 6,119 1111119 9, 99. 3, 919. 91119199 7, 117 99. 16, 4 116-
1169699999,4 96. 7, 199. 6,94911111199196,19 sacrilega 19, 79
11119699 6, 996 944. 10, 979 rumpit 10, 169 1 sacrilegus 6, 106. 19,
1119191614,99199 nomn 9, 41 197 166 rumpuntur 6, 415 160
rhombum 4, 66 119 109. 6, 90. 7, 4. 6111119 10,99. 11, 106 199111 6, 596. 19,19
1699166911,191 961. 11,46 rupem 16, 946 119191, 110. 19,66
119111 10, 979 ¹* 1191119111 9, 69 9141 10, rupen! 9, 76 7191911199, 113
rictum 10, 960 199. 11, 195 rupen 6, 99 . 19911111 19, 16. 16, ³0
1169 6, 969 nomam 6, 994 rupibus 1, 6 19191119, 1199199119
116969110,9951 1191191119 14, 100 1116196, 619 1191194, 1. 6, τε, s,
11696119 101194 1191111699,119 1111114,91197..9,149 - 10 146 601. 9, 79.
11699699996,460 11911119111116,66 . ”PWWG ⁴ ·11,9 ς

ε api&

 

