<INDEX
16... εξ 116. 11611611.. 1, 11. 1, 6166166111 1... 1. 16 ·

,111 16, 111. 11, 1161661166 16161661. 1616
,1116116148159 1611114 “ lacunar 1⁵⁶

jubentur 4,·144. 8, 65. iun 9, 49 6119. 9, 11666666. 6609
’, 11. 1⁰⁸ 61. 11. 135 11161691
jubeo 6, 999 · jurante 9, 98 1.. leuant 8, m
,uberet 9, 101. 16, 150 jumefi, 16 Latius 14, 195
16561669, 160 161618, 166. 15, ’18 lem 9, 989
lubet 1. 99· 91. 6116106, 1 [11161616 1666161661
196 904990. 6, 599 jure 9, 54. 11, 95. 15, 11561116 5, 195. fidenam 7, ’13
416 ’519 515. 7, 901905. 14,0 915 Luſtrigomlb, 15
161. 11, 61 211511011, 144 1611106161. 661 1616666166
x · 50615154 jurgia 5, 96. 6,96’1.116611661 1, 180, 14,1611111 ms
11111011116, 859. ’1, 41 15, 51 396 161616 10, 515
,ubinam ¹ 1616,161.6,616.1ι1...1,16 16111, 16, ,
8,50 1151616 6, 909 1211110,98.12,1³ ³
jurisque 1, 198 1156611561 6, 194 latum 15, 195. 15, 41
’ 161, 66. 16, 61161.1.1161.1,11 161... 16146. 1616
1·1,101.16,.’11 labor 6, 968. ’1, 9812111‚1fi9.11‚291
16116611515 916. 8, 104. 11,1mque⁶‚5m
,1112 11, 106 991. 16, 66 1619666 6, 661
·' ,uffa 5, 65 16566611 6, 449 1210 10, 199
16116111 5, 78 115661 8, 939 1:112. 15
1111161116,695 lubere 18, 59 levina, 115
juffitfi, ³1ffl1.1o,91511b010m ’1, 11 12111116, 566. 8.55
iudica 619. 1‚1s111.,11110·⁶‚s10 11661.. 6, 1⁹1. ⁹1⁴2· 1211· s. 1111, 61
· 8,188.18,8 ,6666661018 10, 559 361. muman
]61116161,48 · 1611615, 19. 8, 510. 198· 16116614,190.6,494
, 11616119, ’16 14, 881 “ 16561116,6”1 111119ῡᾶ9-ὶὶὄῖ
jug: 5, 191. 8, 168 justa 6, 95. 9, 91) 1656111 10,159.14,16411116667, 111. 12⁶6
Jugen 9, 149. 4,7.1611616,19 laborum 899 lugens 14, 'm
14, 165 Ju111 10, 974 11516 6, 994. 6, 469 Lngi 6, 85
Ι 1616115619,169.9,601611168,969 699. 10, 67 999.1661566119,6
1111116618 · 1611106111 16,1’1 15, 114 116516115165,55
’ ςῠῌῦ · ,unitim 81 11115111111111, 55 16615119,49 .
' ι [6111616 19 ,6111116666 8, 96 51661616οηί66] 11‚113Lu11111um 4, 164. 6,
31151111112, 191 16116 8, 99 lactabant 16, 109 884
1 16ς616 8, 918 juvabit 8, 911 11661161 4, 81 lampade 6. 137
. ί,16ς61614,110 ,6166111,16 . lacerum* 11611613,πό
· 1611136113ὶ 9681. ἐ, 67. ,unt 14,4 · {aequm 632⁹ 1611 5,(2915Η 7 οἳ
11111,11'¹' · 1111131115 1113111166 13ffi1215⁵ '⁶⁴
,16116 9. 89 51. 6, ³8 161666 4, 96 lacernas 1, 91. 9, 9856611115, 11
5111161910 16166666,899.8,11. 16,45 1666669119
lulo 19, ’10 14, 191 961 1161116116 1, 69 1666661 5. 80
jumenta 5,’316. 4, 6. 1616661960. 8, 158611. lucernis 11, 981 ’1111661 19. 46
’61869106 ’1, 90 199.8,164166611111.“15 1666156111,18
1661661118161· 96911, 199. 11,16161165,951.’1,114 lunguentinl, 165 “
jum6111014,11 31 107 191965 11666114, 151 1111161116 1, 199
,unctu 6, 447 juvenesque 5, 168 Incertis 10, 11. 16, 63 1161166661 5, 955
1116616666 9, 46 juveni 1. 96. ’1, 160.11661166,106 lanifica 126⁶
166611166668,199 10, 168 996. 11,11661916, 947 1611116.Ηὺ
11166369106 98956 5111116116,9’1 1611166,166.11,6 ’
1116111616, 41 juvenilia 11, 6 16611616 9, 156 11610166, 915
19919189 1101114510 11· 1ιο1191199998·1211111111... 305
,11151 111. 1616 1121 ' ' 166161,1611,116,1.ρ161.6,616.1ἑ,6’1
’.1666661119 98 1116661116, 105568 ¹⁰‚52261 15,1s³ 1191068 13.07
‚lunoni 6, 1²8 1616111669, 155. ¹1,218·1“¹5¹¹11⁸ ὅ, 979· 13, 1²11· 1, ⁷9
*Junonnvssz* 6111 191 111166 16. 156 1296,

 

