ceffit 6, 90
ceree 1. 97

61111611111 6, 169
1111111- ⁸
charisque 8, ’10

, chartres, 11
61111111 5, 69
66111111 6, 68
chlamydas 6, 46

,, ι chorda 6,9

Chrysrdir 5, 166
Chryfippefi,80
cicer ,177

, 6161111111,16
6111111 1, 9. 6,146
cinerem r

csosss, 86. 6,169.6

1111611111 6, 86
cippur 1, 97

circum, Rupes. 1, 32 0011111 1, 17

61111161111 1, 99
mmo&

ι cito 5, 161 '
61111111, 68
circe 6,9
cladem 6, 11
clem 1, 119
clamet 9, 99 99
611119, 8. 6,61
6111111118, 1
claudere l, 98
6111116 6, 11
Cleanthes 6, 61
clientis 8, 76
ossuumque 6, 66
Con 6, 136
coctu 9, 99
cccrum 1, 91
cognoscere 6, 9
cognoscite 9, 66
mlssgsl ''22155 85
6111118, 60

· 6611111111 1, 16

columbo 8, 16
comitem 1, 61 ’
6111111111 6, 89
6611111118, 7
commissero 9, 1
6611116111,6
compepo 9, sss
compe cere 6, 106

campie, 4, 23, 5, 35 cresso, 108

composta 9,91
,compostum 9, 79
composrsur 9, 101
61111111,Ι Ρ. 9
ἕὲἕῗῧ

Δ ,6611111111616
ωὲ1,ι’<1>6.9,61.8,111· 6,61

’ 6611’1116111,101

x
66116111 9, 66 · 61111111 1, 99
concordie 6, 19 crudo 9, 67
condidit 6, 99 crudum 6,169
1611111119, 11 erun 1,19
6611111111 6, 66
consentire 6, 16
consumere 6,11
66116111161111116, 68
contemnere 8, 91
1111111111, 199
continet 6, 98
6661111116 6, 196
consuo, 96
eunvrvae 1, 89

decussas 71 111
1161111111,91 .
1161111119, 66
decerperem
1ο61116,79 -
1116161145
1166611611,196
111611111667
116611,99
decorumst
1161111116,61
,111111118,119 .
1111111111,61. 6168
sedeam 6118

61161111 1. 81
6111111119,19
· cuiquam 9,19
6111111116,69
6111νί19,6
61111111,96
culpem
1111ρ11116, 16
6111161669
cultrixque 9, 96
6111111111 6, 66 1111116,106
61111119,81 1111116,61
cur ³. 16 86. 6, 89. 1161161111 8, 76
defensus, 71
1111616196

coquetur 6, 69
coquis 8, 6

cum, 1111111, 1, 1
cunta 1,19 defigere 6, 16
6111619, 18 Des pro 1111 6, 98
Curibus· 1, 96 ’1111111- 1, 9. 6, 118
61116 8,18
curm 6, 79
61111111 8, 91
curu 1, 69
6111111111 6, 31
6111166, 191
curve 1, 19
61111119, 61
curvor 9, 69
91111116, 16
cussus 6. 90
6111611111, 19
cutis 8, 68
Cynical, 188

corbrr 1, 71

cornicaris 6, 19
cornua l, 99 ’
cornuro ⁵, 98 87
661ρ6116,·187 ,
corpusque 9, 11
corrupto 9, 61
corrice 1, 96
corrue, 918

1)1111111111,91
1611161611,101
1111111168,81
amorraeum
1111111111,61
1111111111,59
1111111111,78
1111166, 91
11111118, 161
1166111112,99
91616197
depellentibus 6, 1ss
deposcere 6, 96
deprendere 8, 69
depunge 6, 79
1111111111 4,99
1116111116 1, 98
1161111116
1111111111, 96
despumare 8, 8
DA 9, 45 46. 1,111111111116,10
16 · 1111111118, 911. 1,91 ,
detonsa 8, 51
detonsus 1, 88
11111611 6, 166
Delum!- 6, 69
1111119111

661116, 81
1161111111,96
ω1119,66
pm 6, 6611166111
erasae, 19
61116986
crassisque 8,161
mffiffiw
cressou,b,60
6111111119,19,0 “ D.
1111111119,19
611161119, 69
61111168, 66
Cratinus, 198
credam 1, 17 1111116,86
credas, P. 14. 8, 9. 6,1111111119, 60 ,
161 , 11111116,7679
crede 1, 1 1111166118, 19
crudem 1, 199 samur 9, 71. 5, 99
credere 6, 66 111116,6 6611111118, 167
61111119,11.8,96 11119,71. 6,91198 11106911. 3, 57· ser
crepidu1,12's 1111,68 111 Ι s
crepuere 9, 161 dutum 6, 191 1111. 11111111, 81
datur 8, 69

1111111111,1

Dure 6, 161166 61 ·

de 1, 98 56 169. 9,(1161111 l, 66. 6, bu
77 8199. 6, 99. 6,11611;11, 98. 6, 1116 1

eruere 6, 177
cribro 3, 119
6111111111, 86
6111111119,Βῖ
Crispini 6, 196

dequo 6, 66
crudi 1, 61

1616616
muco

Dsccode 4, 8

111111 p

1

 

