· ,1161611

’ 111118, 78. 6, 696 676 imbelle 16, 196

INDEX

11616 19, 88 1611661711 4, 104. 8,98711166616 6,166. 7
61611168, 196. 6, 91.16116611616618,909 1616611111 8,916
18,177 1611611116 10, 108 161661116,64998
{netum 18, 8 16116111 6, 668 1111661618,81 ι
616611 9, 190. 6, 476. 16116161 11, 96 116661166161 8, 988
10, 988. 19, 69 16116168, 48
11611118, 194 1611616118,189
6661111161 7, 198 16661661 1,164
,11111111 1, 11 imminua, 116
6166111616,155
61611161 6, 697 106
6116666 8, 906. 6,96166616116,484
648 876 487. 8, 97 ignoscitis 8, 181
6661666616 8, 817 166611 66 14, 187
6616116 10, 98 “ 1666161616 6, 468 11661616 1, 68
jampridem 8, 69. 6, ignotum 6, 686 1166161616,600
614. 10, 77 iisdem 7,168. 10,176.11161111 6, 75
111. s, 661 ιι, vs. 11111
166668, 4. 6, 79 914. 1111661 18,48
7, 49. 19, 91. 18,111166111,178
199 146 11116661 10, 961
1161116 6, 886 1116615, 186
1116116,169 111681616664,168 impleverit 9, 68
1116661616668, 117 1616161616 9,,90
1166 64161. 8, 47 16161661 14, 897
1616616687, 99. 8, 18. 6611616111ςιῗῖδ61
6616
1661611. 16661 1163161616
1111661111 6, 448

1, 104
7. 14, 881
48. 16, 188

16166111 16, 69
implent 6, 809

14, 80 968
1616161111 7, 94
implevere 14, 916

- 11614,104.11,88
11611161, 11
11111116, 40
161111 16, 8

lemica 6, 664
., 16166119,17 161661 16, 67
16111 4, 191. 6, 196. imbuit 14, 194
6,960 Ι 1616616611,144
71161 8, 188 116118, 900
1111111611 16111111. 1646
1616616 11, 199 1611166161 14, 107 1313
1661166 9, 198 11611111 10,999 16161661614, 106
1666 8, 47. 7, 148 144. 11611111 6116,840
8, 961. 11, 186.111111111117,49 68
’ 18,119. 15,148 1611116119,84 1166166616166,78
1116666114, 71 1111166116 10, 107
1611161616 8, ’ 160 1616166661 14, 169
, jecur 1, 46, 6,114.161611116116,18196
6, 647. 7,117.“18,16116161116, 104
117 1161666616,86
1661111 6, 10. 10, 989 1616161116 7, 111
jejunum 15, 61 immensa 11, 194
16611114, 108 immeritis 10‚·6o
· ignavum7‚105 1616116611 14, 99
16611618, 979 161616 18, 108. 16, 9
iguo 16, 140 1111616111 16, 118
iguem 3, 914 968. 4,1616161161616,84
61. 14, 944. 16, 84 1616161110, 69 1666111161 6, 88
1666166668 1616118,161. 18,169161611,47. 6,7
igne· 6, 698. 10, 6116161116616, 896. 7, 6811116119, 67
18,146 166611661666 6, 987 1111111611 18,161
igni 14, 986 1616611118,198 incedet 19, 1711
igniculum 9, 109 1111666611 19, 96 111ω66661661617
1661111114. 19,19.16166666164,91 immeritam
18, 990 11666616 19, 97 11166161 6, 894

1616661118, 969
11666616 6, 888
161616611 6, 491
1616116169, 184

68. 16, 87
1661661661 8, 978

1111661116 10, 107
1166111111 10, 861

161661616, 14 16
1111611161 6, 178
1616616 9, 17

,111 incendia 1, 161. 11,

116161 16, 11
iucem 16, 187
1666116 19, 89

in 11 1, 111. 6, 161. imaque 6, 61

1666116666 9, 17

111 1116111. naum, 111

16669614,9

ignoscet· 8, 108. 16,116 166, 184. inflammas

1161616111

1616611661 10, 79. 18,60 1116111616 8, 69

11161611 4, 89
1116166 4, 84
166166161 10,,989
16616111 6,-614
16616111 11, 168

1616161 9, 98. 6, 948 hapham 7, 196
646. 7,161. 9, 6616616118, 11

Ι1111111111
1616111ιὲ 11,’ 161. 11,
1616161611
1161111166,96

16611611 8, 816
11111611. 1116
16611661 10, 994
includere 11, »aa

1616611616, 866. 8, 118 1166661167, 999. 19, 8411141111 19, 75 ·

1661111111 19, 198
1666611111 8, 84
11166118, 160
1666166166 19, 16

1111616116 6, 86 604.166611116110,968

incommoda 18,91
1661616661614,969

1616161116 10, 806. 18,10411181116, 993

1661166 8, 809. 10, 189.
14, 118. 18, 166

1116161113, 161. 1116611161 11, 116

1666616616 8, 76. 14,
199. 16, 198

1116111116, 11. 11, 116 incurrite mse

incutimus 9, 6
16611111 8, 946

16161166 1, 8 4. 4,169 166661611616, 661.
1666611661 18,900 11161 6, 886466

166166 16, 168
1111116111 10, 70
indigent 18, 88

1116666,189944810 indignatio 1, 79. 6,190

indigum 6, 64
1661666496
8661666617,17
166166618, 81
16666119, 4. 8, 87. 8,
49.18,181
1666111111 14, 176
1616611111, 77 .
1111161111

 

