INDEX

0110010118,186 0010108188 0100118114. 6,488. 0011111118, 146
0110010114,191 00101011, 185 19, 8499. “ Ι colligandus
011118, 61. 19, 14 0011010Ι 18, 188 00161118, 145 00111016, 990
eumont. 8, 151 00101014, 146 00101110 9, 19 001109, 41 85. 8, 61.
0111100018,189 00001018,988 0081011 8, 956 6, 451. 8,66. 11,
0111114,151 00011118, 964 0111016398. 1, 989 146
01111 8, 118 00011000 6, 411 cogaris 5, 160 00110111 8, 88. 18, 969
011110004,195 , 00010018, 88 0011199915, 18 00111οι8518
0111001 11, 95 0001000016, 188 cogent 15, 100 001011, 155. 11, 991
01111119, 199 0011100 9, 81. 1, 110. 0010011111, 8, 198 00101005, 15. 6, 919
01111101 10, 115 10, 986 00111011, 18 0010111 19, 90
0118111, 151. 14,911 conum cogimur 8, 189 00101119,99
01111101,96.9,104 601110,8,908 x cogit 14, 194 00101 14, 949
claudenda 18, 199 60111018, 908 cogitque 18, 999 Colono 8, 980
0110100100 19,96 0011000115191 0011111601. imno 001011115,108
claudere 14, 899 co'e'git 6, 499 cogitur 6, 418. 18, 001011116,98
0110601118, 19, 6, 4 0101111115,146 916 noluerunt 9, 91
11106118, 181 omli 6, 898 544. 18, 00101111108 00101116, 89
01101110118,156. 15, 88 994. 14, 9100101111 11, 84. 15, columba 8, 909. o',

189 · 994. 15, 85. 160 548
01101101 6, 141. 6, 00110011100118, 49 cognatorum 11,85 columbus 9,68

115. 14, 880 11110 9, 95 40. 6, cognitu 19, 96 0010010114,801
0111015,1511 989. 11,91 cognitio 16, 18 “ columna 1,18
clavorum 16, 25 00101101 6, 11 686. 9, cognitione 6, 484. 1, 001001οι1 §.³82 11,
01111118, 949 41. 10, 866 998 60
0110111111,194 01010011,88. 9, 95. 0010001189 0010101117, 189. 8, T?
’0110119808 8,1884. 6, 699. cognoscemus 00100111,199. 15, 71

, 0110816,’198. 10,1’1 11,69. 19,18 0010010108418 00101815

011010 8, 185. 4, 91 0081011101, ul. oo6mpti, cohibe 6, 846 coma 9, 18
0110100168 14, 998 0011101111 0010116, 495. lum
0111111118, 961 01001 9, 190. 5, 94 conon 6, 514. 8, 191. 00100111οι 18, 84
clausus 6, 158. 10, 85. 11, 18141, 10, 18. 18, 118.0010111118,984

110 14,110 16,90 0001060011,188. 8,
0111018, 948 0010111111.6,640 cohortem 5, 98. 141 88
01010110 9, 1 0100ιο011 10, 18 805 0001018, 41. 4, 84
1110110111 1, 11,6,119 00100 1, 188. 4, 80. 00101101 1, 164. 10, 0001111184
0100011119,109 5, 9. 9, 44. 10, 9-1ῑ 19,109 0010010106,,406
0110019,19.10,161 980. 14,180.16,001011111,58 0010111614,99
clientem 5, 16 41 001101 10, 904 0010119, 96
01110101 1, 189. 8, 188 0101110 8, 918. 6, 901. colaphum 9, 5 comitantibus 1, 88
clienti 5, 64 15, 14 00111 15, 9 0011111111 011 6, 89
01100111 8, 195. 9, 59 0010101115, 166. 11, 6010111106,649 00101106, 90119
cuo 1, 1 190 colenti 14, 108 0011111001 16, 55
0111000119, 18 01001118, 16814, 13 colimus& 198 0011111011, 119. 8, 85.
0111011016,648 0110111,116.5,111 coloniam 6,819468.1,101
01110110 5, 55 010011 1, 11.8,149.001117137 149
0101018, 105 11,19 001114,61.10,116.00101100 1, 46. 8,
00110011. o, 111 001001, 111 nuno 111. 01111111
0101109, 185 01001111 1, 95. 10, 00111011,115. 8,118 Commagenus 6, 519
clune 11, 164 935 0011106811 00000011106,896

n ,1,,Μ2,91,’6,338 coeneo5,112 001111115,115 00000001111,968

clunibus 5, 161 coenet 0115 60111111 6,.1116 commendet 16, 1
Cluviam 9, 49 01001110,369 collega 8, loo. 8,191 commercia 9, 166
0101110011,80 11100118, 161 958. 11,99 0000111019,96
0110011 9, 196. 1101100111 4, 154. 6, 0011010811 , 0001101111 6, 458

949 106. 111964 ceunomo 0001011115,99.1,10

clypeo 8, 201, ll, 0118Ρο18 1119110 , 0011111111 9, 131· 18, 9, 93. 11), 3371
“ 106 cooperit 11, 911 119 ’ 14, 310

Clytemestrum 6, 655 0111001001 6, 811 colligato, 188 ’ 0001011111 1,168

coqu, 101 Ι0011101 nno conigeo‚14n1s,1ou

«omnine

 

