INDEJJ

1111119,10-1 0111111111111 6, 386 1111117, 76. 11, 65. 1111113175

1111111111 5, 74 01111611119,145 14, 98. 15, 88 1111111 3, 309. 14,

1111111113,96.10,908 capiturque 15, 78 11111119,116 93

1111115,89 1111111111. 10, 999 1111151115,13 11111111 3, 304

emturum 10, 165. 11, 01111111117, 15 eunium 8, 175 1111111111 1, 65. 9, 59
196 cupra ll, 149 0111111111 14, 970 1111111111 7, 903

0111119, 155. 7, 163 capream 14, 81 1111111111 9, 139 1115111111 6, 91

0111111 1, 96 Caprearum 10, 93 carpento 8, 147 1111111111 7,17

11111117,10 0111111079 Carpophoro 6, 196 01111113,133

0111111111,84.15,46 1111111576 1111111119,110 011111119,97.0,931.

eunom 11, 169 capsa 10, 117 0111111111 7, 905 10, 988

1111111111 7, 911 11111 6, 103 0111111ςὶ11 6, 170. 10, cuninam 14, 41

' . 0111151115, 108 1111119160 977 01111116 8, 16

11111511 7, 153. 10, 1111111656 1111111116, 533. 11, 53 catino 11, 109
99 11111116, 96 1111111 10, 987 catinum 6, 349
1111151111 11, 178 captator 5, 98 11111111 5, 140 01119, 40

. 1111111114,35 1111111116,10 1111113, 53 cutonem 11,90

1111111111 10, 910 captatori 10, 909 camum. propr. l,36 0111114, 117
11111111,11.1,59 111111111511119,114 11110153 01111119, 116
11111111 7, 194. 10, 178 1111111117,901 11111 14, 167 01111111 101399
11111111119, 118 11111111111110,980 1111611113,θό 0111111111 9, 49
1111111116, 990 11111111 10, 136 0111111111 10, 969 0111111 5, 186. 15,
111111 6, 397 capto 8, 109 1111111 10, 191 111
1111111119, 905 1111111181· 11011117, 35 . 01111114, 1131999
11111116,373 cupium 5, 169 010115, 37 0111111111 19, 57 93
1111111119,107 11111111, 196, 3, 831101111,103 Catulu33,30
11111111 6, 609. 3, 150. 2³6. 5, 179. 6, 17 1111116, 986 111116, 947

1111 ’ 111 111 111 111 111111. 11, 195 anunm
0111611116,119 567 691. 7,“’161.1101ς151111,54 1111111,111111. 5, 89

11111111 11, 41. 19, 8. 55. 9, 98 19,·1. 1111111199 1111114, 947

44 10,69199986.11,01111111 6, 454. 14, 1111111157
11111111, 63. 5,.97. 97, 19, 49. 11, 196 1111111,130
9 11111 11111 ..1111111131Ι ¹euvenuuasusto.15.
01Ρ1ῗ1118,’16111.11111.5,6115151119, 131. 13, 6111630191314 s 1111711111
..1111 11. 11 11111111, 111. 1111 011,η 11110* Μ’ 111111,ῗοῖ111 1, 111.
Capenam 3, 11 1111111 1, 73. 3, 314. casson 13,159 5, 87
311111111111 111, 1111 16111. 5111 081111113511651111111111110111
’ 3111111111 affin 11, 115 ..1111119191111361 0111131131111111,
capiendisquel5,l⁴6 curdiuco5,3‘2 ⁸ 11111116,1711 11. 14, 996 9111,
1111111161 6, 579 1111111114, 63 110111111650011, 16,19 ι
31111131 13111611 ..11.111131·1ἶὲ1”3111111111111
capilli 6, 499. 11, 149. 1111111 7, 57 11111111 10, 300 14, 173
Ι1111111 111 16 11αῗὲ1ω118’115’ ω’ 11111111 119111 11111111111119115111ὅ
111111, 11. uhu ’ 111111,ῡέ 11111111, 11. 11, 111 1, 1111111 111
1111111116, 113 0111111111, 69 1111111 1, 90 978. 14, 199
capit 10, 148. 11, 169 11111119, 109 · 1111111111, 13 1111111111 3, 147
, 1111111, 111 111 1111111οὲ111 “sfuluo'ffuff'uulfiuw' ffiggssssssffffi'oluo' Μ
3111ἓέ 11· 111. 11, 3112ῒὲ11111, 1111 3137111271 s, ‘wfflfw '’ ¹¹³
111. 11, 111. 11,....1111111111 114 · ...1111111111
93 1111111113, 907. 7, 98. 11111111 6, 653 1116111111 7, 36
1111111111 1111111111 ...11111156 uaruicum
01611111110,65. 111191 1111111111 7, 63 11111119, 111 1111619, 119. 13, 119

UNI!

 

